ID,X,Y,W,H,C_X,CY
395,350.0,738.0,7.0,7.0,354.0,742.0
396,694.0,164.0,7.0,7.0,698.0,168.0
397,534.0,770.0,7.0,7.0,538.0,774.0
398,624.0,618.0,7.0,7.0,628.0,622.0
399,278.0,522.0,7.0,7.0,282.0,526.0
400,550.0,564.0,7.0,7.0,554.0,568.0
401,724.0,638.0,7.0,7.0,728.0,642.0
402,624.0,734.0,7.0,7.0,628.0,738.0
403,374.0,734.0,7.0,7.0,378.0,738.0
404,674.0,770.0,7.0,7.0,678.0,774.0
405,488.0,644.0,7.0,7.0,492.0,648.0
406,400.0,744.0,7.0,7.0,404.0,748.0
407,610.0,634.0,7.0,7.0,614.0,638.0
408,282.0,517.0,7.0,7.0,286.0,520.0
409,306.0,516.0,7.0,7.0,310.0,520.0
410,262.0,634.0,7.0,7.0,266.0,638.0
411,742.0,642.0,7.0,7.0,746.0,646.0
412,368.0,746.0,7.0,7.0,372.0,750.0
413,266.0,784.0,7.0,7.0,270.0,788.0
414,18.0,638.0,7.0,7.0,22.0,642.0
415,174.0,770.0,7.0,7.0,178.0,774.0
416,676.0,678.0,7.0,7.0,680.0,682.0
417,508.0,770.0,7.0,7.0,512.0,774.0
418,26.0,736.0,7.0,7.0,30.0,740.0
419,506.0,640.0,7.0,7.0,510.0,644.0
420,125.0,202.0,7.0,7.0,128.0,206.0
421,72.0,692.0,7.0,7.0,76.0,696.0
422,654.0,636.0,7.0,7.0,658.0,640.0
423,704.0,518.0,7.0,7.0,708.0,522.0
424,26.0,750.0,7.0,7.0,30.0,754.0
425,282.0,726.0,7.0,7.0,286.0,730.0
426,508.0,580.0,7.0,7.0,512.0,584.0
427,750.0,517.0,7.0,7.0,754.0,520.0
428,764.0,677.0,7.0,7.0,768.0,680.0
429,755.0,295.0,7.0,7.0,758.0,298.0
430,232.0,534.0,7.0,7.0,236.0,538.0
431,150.0,552.0,7.0,7.0,154.0,556.0
432,137.0,382.0,7.0,7.0,140.0,386.0
433,108.0,552.0,7.0,7.0,112.0,556.0
434,660.0,656.0,7.0,7.0,664.0,660.0
435,192.0,778.0,7.0,7.0,196.0,782.0
436,606.0,728.0,7.0,7.0,610.0,732.0
437,-0.0,601.0,6.0,6.0,3.0,604.0
438,310.0,658.0,7.0,7.0,314.0,662.0
439,446.0,794.0,7.0,7.0,450.0,798.0
440,460.0,464.0,7.0,7.0,464.0,468.0
441,700.0,660.0,7.0,7.0,704.0,664.0
442,206.0,598.0,7.0,7.0,210.0,602.0
443,64.0,664.0,7.0,7.0,68.0,668.0
444,788.0,662.0,7.0,7.0,792.0,666.0
445,756.0,792.0,7.0,7.0,760.0,796.0
446,334.0,550.0,7.0,7.0,338.0,554.0
447,255.0,763.0,7.0,7.0,258.0,766.0
448,502.0,548.0,7.0,7.0,506.0,552.0
449,602.0,586.0,7.0,7.0,606.0,590.0
450,3.0,127.0,7.0,7.0,6.0,130.0
451,602.0,720.0,7.0,7.0,606.0,724.0
452,422.0,750.0,7.0,7.0,426.0,754.0
453,730.0,580.0,7.0,7.0,734.0,584.0
454,738.0,752.0,7.0,7.0,742.0,756.0
455,436.0,734.0,7.0,7.0,440.0,738.0
456,118.0,618.0,7.0,7.0,122.0,622.0
457,20.0,646.0,7.0,7.0,24.0,650.0
458,12.0,556.0,7.0,7.0,16.0,560.0
459,184.0,754.0,7.0,7.0,188.0,758.0
460,390.0,698.0,7.0,7.0,394.0,702.0
461,428.0,280.0,7.0,7.0,432.0,284.0
462,300.0,648.0,7.0,7.0,304.0,652.0
463,38.0,770.0,7.0,7.0,42.0,774.0
464,640.0,650.0,7.0,7.0,644.0,654.0
465,428.0,536.0,7.0,7.0,432.0,540.0
466,340.0,652.0,7.0,7.0,344.0,656.0
467,736.0,699.0,7.0,7.0,740.0,702.0
468,554.0,616.0,7.0,7.0,558.0,620.0
469,508.0,528.0,7.0,7.0,512.0,532.0
470,776.0,724.0,7.0,7.0,780.0,728.0
471,132.0,700.0,7.0,7.0,136.0,704.0
472,272.0,722.0,7.0,7.0,276.0,726.0
473,654.0,652.0,7.0,7.0,658.0,656.0
474,534.0,654.0,7.0,7.0,538.0,658.0
475,566.0,776.0,7.0,7.0,570.0,780.0
476,152.0,746.0,7.0,7.0,156.0,750.0
477,704.0,262.0,7.0,7.0,708.0,266.0
478,578.0,134.0,7.0,7.0,582.0,138.0
479,596.0,370.0,7.0,7.0,600.0,374.0
480,416.0,370.0,7.0,7.0,420.0,374.0
481,209.0,299.0,7.0,7.0,212.0,302.0
482,756.0,366.0,7.0,7.0,760.0,370.0
483,358.0,244.0,7.0,7.0,362.0,248.0
484,372.0,245.0,7.0,7.0,376.0,248.0
485,734.0,142.0,7.0,7.0,738.0,146.0
486,662.0,352.0,7.0,7.0,666.0,356.0
487,288.0,247.0,7.0,7.0,292.0,250.0
488,414.0,649.0,7.0,7.0,418.0,652.0
489,142.0,344.0,7.0,7.0,146.0,348.0
490,596.0,342.0,7.0,7.0,600.0,346.0
491,348.0,144.0,7.0,7.0,352.0,148.0
492,48.0,342.0,7.0,7.0,52.0,346.0
493,468.0,338.0,7.0,7.0,472.0,342.0
494,756.0,150.0,7.0,7.0,760.0,154.0
495,716.0,372.0,7.0,7.0,720.0,376.0
496,327.0,141.0,7.0,7.0,330.0,144.0
497,738.0,130.0,7.0,7.0,742.0,134.0
498,196.0,376.0,7.0,7.0,200.0,380.0
499,465.0,289.0,7.0,7.0,468.0,292.0
500,84.0,392.0,7.0,7.0,88.0,396.0
501,572.0,72.0,7.0,7.0,576.0,76.0
502,520.0,69.0,7.0,7.0,524.0,72.0
503,262.0,388.0,7.0,7.0,266.0,392.0
504,331.0,755.0,7.0,7.0,334.0,758.0
505,728.0,92.0,7.0,7.0,732.0,96.0
506,470.0,386.0,7.0,7.0,474.0,390.0
507,418.0,382.0,7.0,7.0,422.0,386.0
508,192.0,701.0,7.0,7.0,196.0,704.0
509,704.0,380.0,7.0,7.0,708.0,384.0
510,718.0,108.0,7.0,7.0,722.0,112.0
511,292.0,442.0,7.0,7.0,296.0,446.0
512,276.0,389.0,7.0,7.0,280.0,392.0
513,174.0,361.0,7.0,7.0,178.0,364.0
514,10.0,126.0,7.0,7.0,14.0,130.0
515,640.0,376.0,7.0,7.0,644.0,380.0
516,82.0,374.0,7.0,7.0,86.0,378.0
517,286.0,400.0,7.0,7.0,290.0,404.0
518,8.0,336.0,7.0,7.0,12.0,340.0
519,20.0,554.0,7.0,7.0,24.0,558.0
520,610.0,272.0,7.0,7.0,614.0,276.0
521,170.0,272.0,7.0,7.0,174.0,276.0
522,766.0,270.0,7.0,7.0,770.0,274.0
523,212.0,266.0,7.0,7.0,216.0,270.0
524,704.0,218.0,7.0,7.0,708.0,222.0
525,184.0,262.0,7.0,7.0,188.0,266.0
526,729.0,131.0,7.0,7.0,732.0,134.0
527,756.0,512.0,7.0,7.0,760.0,516.0
528,580.0,259.0,7.0,7.0,584.0,262.0
529,450.0,256.0,7.0,7.0,454.0,260.0
530,338.0,222.0,7.0,7.0,342.0,226.0
531,732.0,252.0,7.0,7.0,736.0,256.0
532,92.0,226.0,7.0,7.0,96.0,230.0
533,692.0,226.0,7.0,7.0,696.0,230.0
534,709.0,401.0,7.0,7.0,712.0,404.0
535,264.0,228.0,7.0,7.0,268.0,232.0
536,570.0,236.0,7.0,7.0,574.0,240.0
537,32.0,208.0,7.0,7.0,36.0,212.0
538,256.0,334.0,7.0,7.0,260.0,338.0
539,118.0,286.0,7.0,7.0,122.0,290.0
540,252.0,198.0,7.0,7.0,256.0,202.0
541,224.0,332.0,7.0,7.0,228.0,336.0
542,451.0,116.0,7.0,7.0,454.0,120.0
543,108.0,330.0,7.0,7.0,112.0,334.0
544,314.0,330.0,7.0,7.0,318.0,334.0
545,70.0,160.0,7.0,7.0,74.0,164.0
546,300.0,326.0,7.0,7.0,304.0,330.0
547,502.0,322.0,7.0,7.0,506.0,326.0
548,91.0,366.0,7.0,7.0,94.0,370.0
549,155.0,351.0,7.0,7.0,158.0,354.0
550,488.0,308.0,7.0,7.0,492.0,312.0
551,98.0,302.0,7.0,7.0,102.0,306.0
552,73.0,88.0,7.0,7.0,76.0,92.0
553,348.0,292.0,7.0,7.0,352.0,296.0
554,625.0,192.0,7.0,7.0,628.0,196.0
555,282.0,192.0,7.0,7.0,286.0,196.0
556,606.0,288.0,7.0,7.0,610.0,292.0
557,470.0,198.0,7.0,7.0,474.0,202.0
558,436.0,323.0,7.0,7.0,440.0,326.0
559,394.0,362.0,7.0,7.0,398.0,366.0
560,644.0,426.0,7.0,7.0,648.0,430.0
561,129.0,422.0,7.0,7.0,132.0,426.0
562,412.0,12.0,7.0,7.0,416.0,16.0
563,531.0,715.0,7.0,7.0,534.0,718.0
564,552.0,476.0,7.0,7.0,556.0,480.0
565,52.0,448.0,7.0,7.0,56.0,452.0
566,546.0,460.0,7.0,7.0,550.0,464.0
567,460.0,459.0,7.0,7.0,464.0,462.0
568,622.0,34.0,7.0,7.0,626.0,38.0
569,702.0,12.0,7.0,7.0,706.0,16.0
570,637.0,489.0,7.0,7.0,640.0,492.0
571,666.0,462.0,7.0,7.0,670.0,466.0
572,514.0,770.0,7.0,7.0,518.0,774.0
573,579.0,435.0,7.0,7.0,582.0,438.0
574,244.0,434.0,7.0,7.0,248.0,438.0
575,204.0,454.0,7.0,7.0,208.0,458.0
576,792.0,452.0,7.0,7.0,796.0,456.0
577,622.0,484.0,7.0,7.0,626.0,488.0
578,572.0,758.0,7.0,7.0,576.0,762.0
579,624.0,446.0,7.0,7.0,628.0,450.0
580,701.0,46.0,7.0,7.0,704.0,50.0
581,684.0,484.0,7.0,7.0,688.0,488.0
582,622.0,56.0,7.0,7.0,626.0,60.0
583,16.0,464.0,7.0,7.0,20.0,468.0
584,158.0,448.0,7.0,7.0,162.0,452.0
585,408.0,64.0,7.0,7.0,412.0,68.0
586,453.0,463.0,7.0,7.0,456.0,466.0
587,690.0,418.0,7.0,7.0,694.0,422.0
588,726.0,64.0,7.0,7.0,730.0,68.0
589,588.0,500.0,7.0,7.0,592.0,504.0
590,756.0,431.0,7.0,7.0,760.0,434.0
591,752.0,512.0,7.0,7.0,756.0,516.0
592,318.0,512.0,7.0,7.0,322.0,516.0
593,582.0,20.0,7.0,7.0,586.0,24.0
594,36.0,498.0,7.0,7.0,40.0,502.0
595,410.0,2.0,7.0,7.0,414.0,6.0
596,665.0,678.0,8.0,8.0,669.0,682.0
597,549.0,678.0,8.0,8.0,553.0,682.0
598,227.0,668.0,8.0,8.0,231.0,672.0
599,230.0,194.0,8.0,8.0,234.0,198.0
600,657.0,172.0,8.0,8.0,661.0,176.0
601,732.0,170.0,8.0,8.0,736.0,174.0
602,572.0,20.0,8.0,8.0,576.0,24.0
603,660.0,790.0,8.0,8.0,664.0,794.0
604,2.0,24.0,8.0,8.0,6.0,28.0
605,685.0,192.0,8.0,8.0,689.0,196.0
606,19.0,172.0,8.0,8.0,23.0,176.0
607,546.0,668.0,8.0,8.0,550.0,672.0
608,532.0,736.0,8.0,8.0,536.0,740.0
609,323.0,786.0,8.0,8.0,327.0,790.0
610,307.0,737.0,8.0,8.0,311.0,741.0
611,109.0,675.0,8.0,8.0,113.0,679.0
612,148.0,339.0,8.0,8.0,152.0,343.0
613,255.0,676.0,8.0,8.0,259.0,680.0
614,741.0,178.0,8.0,8.0,745.0,182.0
615,460.0,787.0,8.0,8.0,464.0,791.0
616,126.0,676.0,8.0,8.0,130.0,680.0
617,297.0,786.0,8.0,8.0,301.0,790.0
618,715.0,179.0,8.0,8.0,719.0,183.0
619,170.0,672.0,8.0,8.0,174.0,676.0
620,272.0,182.0,8.0,8.0,276.0,186.0
621,690.0,184.0,8.0,8.0,694.0,188.0
622,572.0,184.0,8.0,8.0,576.0,188.0
623,615.0,22.0,8.0,8.0,619.0,26.0
624,43.0,736.0,8.0,8.0,47.0,740.0
625,32.0,786.0,8.0,8.0,36.0,790.0
626,184.0,188.0,8.0,8.0,188.0,192.0
627,670.0,791.0,8.0,8.0,674.0,795.0
628,421.0,200.0,8.0,8.0,425.0,204.0
629,267.0,748.0,8.0,8.0,271.0,752.0
630,420.0,741.0,8.0,8.0,424.0,745.0
631,227.0,657.0,8.0,8.0,231.0,661.0
632,469.0,747.0,8.0,8.0,473.0,751.0
633,18.0,6.0,8.0,8.0,22.0,10.0
634,208.0,223.0,8.0,8.0,212.0,227.0
635,614.0,222.0,8.0,8.0,618.0,226.0
636,676.0,222.0,8.0,8.0,680.0,226.0
637,237.0,749.0,8.0,8.0,241.0,753.0
638,82.0,225.0,8.0,8.0,86.0,229.0
639,708.0,2.0,8.0,8.0,712.0,6.0
640,664.0,-1.0,8.0,8.0,668.0,3.0
641,148.0,656.0,8.0,8.0,152.0,660.0
642,708.0,226.0,8.0,8.0,712.0,230.0
643,250.0,228.0,8.0,8.0,254.0,232.0
644,684.0,654.0,8.0,8.0,688.0,658.0
645,615.0,229.0,8.0,8.0,619.0,233.0
646,581.0,230.0,8.0,8.0,585.0,234.0
647,481.0,234.0,8.0,8.0,485.0,238.0
648,526.0,225.0,8.0,8.0,530.0,229.0
649,463.0,218.0,8.0,8.0,467.0,222.0
650,785.0,792.0,8.0,8.0,789.0,796.0
651,204.0,218.0,8.0,8.0,208.0,222.0
652,740.0,16.0,8.0,8.0,744.0,20.0
653,164.0,666.0,8.0,8.0,168.0,670.0
654,242.0,791.0,8.0,8.0,246.0,795.0
655,486.0,203.0,8.0,8.0,490.0,207.0
656,504.0,168.0,8.0,8.0,508.0,172.0
657,584.0,206.0,8.0,8.0,588.0,210.0
658,746.0,206.0,8.0,8.0,750.0,210.0
659,134.0,664.0,8.0,8.0,138.0,668.0
660,663.0,207.0,8.0,8.0,667.0,211.0
661,576.0,792.0,8.0,8.0,580.0,796.0
662,740.0,209.0,8.0,8.0,744.0,213.0
663,471.0,737.0,8.0,8.0,475.0,741.0
664,528.0,14.0,8.0,8.0,532.0,18.0
665,261.0,213.0,8.0,8.0,265.0,217.0
666,474.0,214.0,8.0,8.0,478.0,218.0
667,0.0,216.0,8.0,8.0,4.0,220.0
668,660.0,216.0,8.0,8.0,664.0,220.0
669,632.0,661.0,8.0,8.0,636.0,665.0
670,481.0,740.0,8.0,8.0,485.0,744.0
671,62.0,661.0,8.0,8.0,66.0,665.0
672,679.0,216.0,8.0,8.0,683.0,220.0
673,741.0,666.0,8.0,8.0,745.0,670.0
674,731.0,786.0,8.0,8.0,735.0,790.0
675,220.0,685.0,8.0,8.0,224.0,689.0
676,701.0,784.0,8.0,8.0,705.0,788.0
677,456.0,93.0,8.0,8.0,460.0,97.0
678,445.0,746.0,8.0,8.0,449.0,750.0
679,84.0,60.0,8.0,8.0,88.0,64.0
680,661.0,100.0,8.0,8.0,665.0,104.0
681,342.0,579.0,8.0,8.0,346.0,583.0
682,554.0,756.0,8.0,8.0,558.0,760.0
683,52.0,121.0,8.0,8.0,56.0,125.0
684,144.0,706.0,8.0,8.0,148.0,710.0
685,502.0,726.0,8.0,8.0,506.0,730.0
686,692.0,708.0,8.0,8.0,696.0,712.0
687,786.0,704.0,8.0,8.0,790.0,708.0
688,78.0,765.0,8.0,8.0,82.0,769.0
689,259.0,702.0,8.0,8.0,263.0,706.0
690,696.0,701.0,8.0,8.0,700.0,705.0
691,300.0,702.0,8.0,8.0,304.0,706.0
692,481.0,699.0,8.0,8.0,485.0,703.0
693,550.0,53.0,8.0,8.0,554.0,57.0
694,506.0,52.0,8.0,8.0,510.0,56.0
695,570.0,765.0,8.0,8.0,574.0,769.0
696,632.0,125.0,8.0,8.0,636.0,129.0
697,44.0,122.0,8.0,8.0,48.0,126.0
698,644.0,757.0,8.0,8.0,648.0,761.0
699,672.0,91.0,8.0,8.0,676.0,95.0
700,163.0,62.0,8.0,8.0,167.0,66.0
701,159.0,718.0,8.0,8.0,163.0,722.0
702,125.0,759.0,8.0,8.0,129.0,763.0
703,610.0,760.0,8.0,8.0,614.0,764.0
704,480.0,66.0,8.0,8.0,484.0,70.0
705,572.0,64.0,8.0,8.0,576.0,68.0
706,349.0,716.0,8.0,8.0,353.0,720.0
707,731.0,715.0,8.0,8.0,735.0,719.0
708,421.0,720.0,8.0,8.0,425.0,724.0
709,396.0,716.0,8.0,8.0,400.0,720.0
710,787.0,72.0,8.0,8.0,791.0,76.0
711,193.0,762.0,8.0,8.0,197.0,766.0
712,716.0,74.0,8.0,8.0,720.0,78.0
713,344.0,710.0,8.0,8.0,348.0,714.0
714,642.0,75.0,8.0,8.0,646.0,79.0
715,444.0,84.0,8.0,8.0,448.0,88.0
716,587.0,722.0,8.0,8.0,591.0,726.0
717,470.0,87.0,8.0,8.0,474.0,91.0
718,404.0,89.0,8.0,8.0,408.0,93.0
719,542.0,62.0,8.0,8.0,546.0,66.0
720,464.0,762.0,8.0,8.0,468.0,766.0
721,375.0,756.0,8.0,8.0,379.0,760.0
722,215.0,165.0,8.0,8.0,219.0,169.0
723,694.0,51.0,8.0,8.0,698.0,55.0
724,686.0,768.0,8.0,8.0,690.0,772.0
725,477.0,34.0,8.0,8.0,481.0,38.0
726,324.0,735.0,8.0,8.0,328.0,739.0
727,420.0,774.0,8.0,8.0,424.0,778.0
728,695.0,776.0,8.0,8.0,699.0,780.0
729,0.0,159.0,8.0,8.0,4.0,163.0
730,713.0,160.0,8.0,8.0,717.0,164.0
731,782.0,161.0,8.0,8.0,786.0,165.0
732,195.0,162.0,8.0,8.0,199.0,166.0
733,464.0,29.0,8.0,8.0,468.0,33.0
734,378.0,159.0,8.0,8.0,382.0,163.0
735,610.0,162.0,8.0,8.0,614.0,166.0
736,730.0,684.0,8.0,8.0,734.0,688.0
737,408.0,782.0,8.0,8.0,412.0,786.0
738,184.0,684.0,8.0,8.0,188.0,688.0
739,706.0,683.0,8.0,8.0,710.0,687.0
740,450.0,782.0,8.0,8.0,454.0,786.0
741,197.0,682.0,8.0,8.0,201.0,686.0
742,774.0,164.0,8.0,8.0,778.0,168.0
743,27.0,164.0,8.0,8.0,31.0,168.0
744,20.0,28.0,8.0,8.0,24.0,32.0
745,655.0,154.0,8.0,8.0,659.0,158.0
746,524.0,34.0,8.0,8.0,528.0,38.0
747,644.0,150.0,8.0,8.0,648.0,154.0
748,562.0,133.0,8.0,8.0,566.0,137.0
749,604.0,51.0,8.0,8.0,608.0,55.0
750,104.0,756.0,8.0,8.0,108.0,760.0
751,539.0,50.0,8.0,8.0,543.0,54.0
752,786.0,728.0,8.0,8.0,790.0,732.0
753,352.0,756.0,8.0,8.0,356.0,760.0
754,582.0,236.0,8.0,8.0,586.0,240.0
755,568.0,138.0,8.0,8.0,572.0,142.0
756,8.0,140.0,8.0,8.0,12.0,144.0
757,573.0,46.0,8.0,8.0,577.0,50.0
758,713.0,694.0,8.0,8.0,717.0,698.0
759,135.0,695.0,8.0,8.0,139.0,699.0
760,719.0,322.0,8.0,8.0,723.0,326.0
761,650.0,769.0,8.0,8.0,654.0,773.0
762,638.0,733.0,8.0,8.0,642.0,737.0
763,742.0,147.0,8.0,8.0,746.0,151.0
764,735.0,732.0,8.0,8.0,739.0,736.0
765,260.0,770.0,8.0,8.0,264.0,774.0
766,17.0,149.0,8.0,8.0,21.0,153.0
767,164.0,752.0,8.0,8.0,168.0,756.0
768,455.0,151.0,8.0,8.0,459.0,155.0
769,477.0,133.0,8.0,8.0,481.0,137.0
770,762.0,238.0,8.0,8.0,766.0,242.0
771,132.0,514.0,8.0,8.0,136.0,518.0
772,446.0,241.0,8.0,8.0,450.0,245.0
773,214.0,569.0,8.0,8.0,218.0,573.0
774,658.0,386.0,8.0,8.0,662.0,390.0
775,88.0,568.0,8.0,8.0,92.0,572.0
776,411.0,614.0,8.0,8.0,415.0,618.0
777,289.0,566.0,8.0,8.0,293.0,570.0
778,587.0,566.0,8.0,8.0,591.0,570.0
779,3.0,388.0,8.0,8.0,7.0,392.0
780,466.0,623.0,8.0,8.0,470.0,627.0
781,527.0,388.0,8.0,8.0,531.0,392.0
782,10.0,388.0,8.0,8.0,14.0,392.0
783,93.0,564.0,8.0,8.0,97.0,568.0
784,762.0,388.0,8.0,8.0,766.0,392.0
785,668.0,389.0,8.0,8.0,672.0,393.0
786,712.0,627.0,8.0,8.0,716.0,631.0
787,449.0,650.0,8.0,8.0,453.0,654.0
788,0.0,391.0,8.0,8.0,4.0,395.0
789,695.0,562.0,8.0,8.0,699.0,566.0
790,159.0,392.0,8.0,8.0,163.0,396.0
791,593.0,395.0,8.0,8.0,597.0,399.0
792,255.0,398.0,8.0,8.0,259.0,402.0
793,407.0,398.0,8.0,8.0,411.0,402.0
794,133.0,560.0,8.0,8.0,137.0,564.0
795,418.0,402.0,8.0,8.0,422.0,406.0
796,102.0,558.0,8.0,8.0,106.0,562.0
797,447.0,406.0,8.0,8.0,451.0,410.0
798,704.0,572.0,8.0,8.0,708.0,576.0
799,18.0,572.0,8.0,8.0,22.0,576.0
800,789.0,573.0,8.0,8.0,793.0,577.0
801,323.0,566.0,8.0,8.0,327.0,570.0
802,70.0,590.0,8.0,8.0,74.0,594.0
803,740.0,350.0,8.0,8.0,744.0,354.0
804,458.0,240.0,8.0,8.0,462.0,244.0
805,499.0,516.0,8.0,8.0,503.0,520.0
806,89.0,357.0,8.0,8.0,93.0,361.0
807,630.0,358.0,8.0,8.0,634.0,362.0
808,445.0,366.0,8.0,8.0,449.0,370.0
809,238.0,371.0,8.0,8.0,242.0,375.0
810,12.0,584.0,8.0,8.0,16.0,588.0
811,300.0,564.0,8.0,8.0,304.0,568.0
812,102.0,584.0,8.0,8.0,106.0,588.0
813,687.0,581.0,8.0,8.0,691.0,585.0
814,158.0,407.0,8.0,8.0,162.0,411.0
815,20.0,374.0,8.0,8.0,24.0,378.0
816,382.0,578.0,8.0,8.0,386.0,582.0
817,604.0,577.0,8.0,8.0,608.0,581.0
818,189.0,578.0,8.0,8.0,193.0,582.0
819,668.0,376.0,8.0,8.0,672.0,380.0
820,780.0,577.0,8.0,8.0,784.0,581.0
821,426.0,377.0,8.0,8.0,430.0,381.0
822,199.0,576.0,8.0,8.0,203.0,580.0
823,16.0,378.0,8.0,8.0,20.0,382.0
824,324.0,196.0,8.0,8.0,328.0,200.0
825,64.0,380.0,8.0,8.0,68.0,384.0
826,780.0,380.0,8.0,8.0,784.0,384.0
827,190.0,376.0,8.0,8.0,194.0,380.0
828,629.0,406.0,8.0,8.0,633.0,410.0
829,607.0,409.0,8.0,8.0,611.0,413.0
830,792.0,410.0,8.0,8.0,796.0,414.0
831,630.0,463.0,8.0,8.0,634.0,467.0
832,653.0,465.0,8.0,8.0,657.0,469.0
833,127.0,273.0,8.0,8.0,131.0,277.0
834,422.0,471.0,8.0,8.0,426.0,475.0
835,632.0,472.0,8.0,8.0,636.0,476.0
836,658.0,472.0,8.0,8.0,662.0,476.0
837,686.0,475.0,8.0,8.0,690.0,479.0
838,679.0,476.0,8.0,8.0,683.0,480.0
839,295.0,480.0,8.0,8.0,299.0,484.0
840,722.0,482.0,8.0,8.0,726.0,486.0
841,386.0,526.0,8.0,8.0,390.0,530.0
842,11.0,526.0,8.0,8.0,15.0,530.0
843,679.0,460.0,8.0,8.0,683.0,464.0
844,256.0,487.0,8.0,8.0,260.0,491.0
845,724.0,491.0,8.0,8.0,728.0,495.0
846,757.0,491.0,8.0,8.0,761.0,495.0
847,358.0,522.0,8.0,8.0,362.0,526.0
848,261.0,522.0,8.0,8.0,265.0,526.0
849,285.0,495.0,8.0,8.0,289.0,499.0
850,600.0,495.0,8.0,8.0,604.0,499.0
851,350.0,497.0,8.0,8.0,354.0,501.0
852,334.0,520.0,8.0,8.0,338.0,524.0
853,184.0,505.0,8.0,8.0,188.0,509.0
854,500.0,511.0,8.0,8.0,504.0,515.0
855,234.0,514.0,8.0,8.0,238.0,518.0
856,107.0,525.0,8.0,8.0,111.0,529.0
857,121.0,347.0,8.0,8.0,125.0,351.0
858,167.0,459.0,8.0,8.0,171.0,463.0
859,604.0,414.0,8.0,8.0,608.0,418.0
860,176.0,415.0,8.0,8.0,180.0,419.0
861,551.0,418.0,8.0,8.0,555.0,422.0
862,362.0,418.0,8.0,8.0,366.0,422.0
863,582.0,716.0,8.0,8.0,586.0,720.0
864,182.0,427.0,8.0,8.0,186.0,431.0
865,707.0,552.0,8.0,8.0,711.0,556.0
866,523.0,550.0,8.0,8.0,527.0,554.0
867,639.0,428.0,8.0,8.0,643.0,432.0
868,430.0,431.0,8.0,8.0,434.0,435.0
869,160.0,792.0,8.0,8.0,164.0,796.0
870,633.0,434.0,8.0,8.0,637.0,438.0
871,255.0,438.0,8.0,8.0,259.0,442.0
872,448.0,437.0,8.0,8.0,452.0,441.0
873,4.0,439.0,8.0,8.0,8.0,443.0
874,320.0,441.0,8.0,8.0,324.0,445.0
875,144.0,443.0,8.0,8.0,148.0,447.0
876,662.0,446.0,8.0,8.0,666.0,450.0
877,273.0,447.0,8.0,8.0,277.0,451.0
878,325.0,450.0,8.0,8.0,329.0,454.0
879,746.0,542.0,8.0,8.0,750.0,546.0
880,735.0,540.0,8.0,8.0,739.0,544.0
881,393.0,454.0,8.0,8.0,397.0,458.0
882,586.0,458.0,8.0,8.0,590.0,462.0
883,459.0,494.0,8.0,8.0,463.0,498.0
884,772.0,642.0,8.0,8.0,776.0,646.0
885,648.0,342.0,8.0,8.0,652.0,346.0
886,342.0,635.0,8.0,8.0,346.0,639.0
887,573.0,273.0,8.0,8.0,577.0,277.0
888,722.0,274.0,8.0,8.0,726.0,278.0
889,432.0,275.0,8.0,8.0,436.0,279.0
890,542.0,278.0,8.0,8.0,546.0,282.0
891,780.0,631.0,8.0,8.0,784.0,635.0
892,58.0,632.0,8.0,8.0,62.0,636.0
893,733.0,280.0,8.0,8.0,737.0,284.0
894,630.0,282.0,8.0,8.0,634.0,286.0
895,712.0,632.0,8.0,8.0,716.0,636.0
896,26.0,284.0,8.0,8.0,30.0,288.0
897,793.0,284.0,8.0,8.0,797.0,288.0
898,672.0,266.0,8.0,8.0,676.0,270.0
899,382.0,627.0,8.0,8.0,386.0,631.0
900,644.0,625.0,8.0,8.0,648.0,629.0
901,426.0,626.0,8.0,8.0,430.0,630.0
902,245.0,624.0,8.0,8.0,249.0,628.0
903,128.0,287.0,8.0,8.0,132.0,291.0
904,376.0,288.0,8.0,8.0,380.0,292.0
905,156.0,291.0,8.0,8.0,160.0,295.0
906,645.0,292.0,8.0,8.0,649.0,296.0
907,676.0,620.0,8.0,8.0,680.0,624.0
908,10.0,263.0,8.0,8.0,14.0,267.0
909,21.0,343.0,8.0,8.0,25.0,347.0
910,705.0,285.0,8.0,8.0,709.0,289.0
911,256.0,296.0,8.0,8.0,260.0,300.0
912,185.0,636.0,8.0,8.0,189.0,640.0
913,332.0,638.0,8.0,8.0,336.0,642.0
914,148.0,649.0,8.0,8.0,152.0,653.0
915,360.0,650.0,8.0,8.0,364.0,654.0
916,410.0,244.0,8.0,8.0,414.0,248.0
917,742.0,649.0,8.0,8.0,746.0,653.0
918,720.0,250.0,8.0,8.0,724.0,254.0
919,457.0,250.0,8.0,8.0,461.0,254.0
920,595.0,646.0,8.0,8.0,599.0,650.0
921,446.0,646.0,8.0,8.0,450.0,650.0
922,110.0,251.0,8.0,8.0,114.0,255.0
923,178.0,252.0,8.0,8.0,182.0,256.0
924,260.0,251.0,8.0,8.0,264.0,255.0
925,778.0,160.0,8.0,8.0,782.0,164.0
926,410.0,252.0,8.0,8.0,414.0,256.0
927,644.0,254.0,8.0,8.0,648.0,258.0
928,642.0,53.0,8.0,8.0,646.0,57.0
929,124.0,643.0,8.0,8.0,128.0,647.0
930,125.0,257.0,8.0,8.0,129.0,261.0
931,444.0,90.0,8.0,8.0,448.0,94.0
932,329.0,257.0,8.0,8.0,333.0,261.0
933,469.0,260.0,8.0,8.0,473.0,264.0
934,7.0,134.0,8.0,8.0,11.0,138.0
935,705.0,150.0,8.0,8.0,709.0,154.0
936,2.0,152.0,8.0,8.0,6.0,156.0
937,318.0,263.0,8.0,8.0,322.0,267.0
938,650.0,154.0,8.0,8.0,654.0,158.0
939,600.0,255.0,8.0,8.0,604.0,259.0
940,35.0,618.0,8.0,8.0,39.0,622.0
941,748.0,294.0,8.0,8.0,752.0,298.0
942,728.0,313.0,8.0,8.0,732.0,317.0
943,730.0,450.0,8.0,8.0,734.0,454.0
944,384.0,334.0,8.0,8.0,388.0,338.0
945,748.0,312.0,8.0,8.0,752.0,316.0
946,776.0,313.0,8.0,8.0,780.0,317.0
947,771.0,298.0,8.0,8.0,775.0,302.0
948,334.0,379.0,8.0,8.0,338.0,383.0
949,330.0,334.0,8.0,8.0,334.0,338.0
950,322.0,332.0,8.0,8.0,326.0,336.0
951,514.0,313.0,8.0,8.0,518.0,317.0
952,10.0,316.0,8.0,8.0,14.0,320.0
953,784.0,336.0,8.0,8.0,788.0,340.0
954,466.0,316.0,8.0,8.0,470.0,320.0
955,556.0,321.0,8.0,8.0,560.0,325.0
956,631.0,603.0,8.0,8.0,635.0,607.0
957,414.0,322.0,8.0,8.0,418.0,326.0
958,402.0,323.0,8.0,8.0,406.0,327.0
959,181.0,327.0,8.0,8.0,185.0,331.0
960,528.0,601.0,8.0,8.0,532.0,605.0
961,238.0,327.0,8.0,8.0,242.0,331.0
962,290.0,329.0,8.0,8.0,294.0,333.0
963,566.0,329.0,8.0,8.0,570.0,333.0
964,448.0,598.0,8.0,8.0,452.0,602.0
965,542.0,318.0,8.0,8.0,546.0,322.0
966,49.0,608.0,8.0,8.0,53.0,612.0
967,135.0,330.0,8.0,8.0,139.0,334.0
968,512.0,337.0,8.0,8.0,516.0,341.0
969,404.0,616.0,8.0,8.0,408.0,620.0
970,536.0,209.0,8.0,8.0,540.0,213.0
971,60.0,616.0,8.0,8.0,64.0,620.0
972,409.0,305.0,8.0,8.0,413.0,309.0
973,358.0,306.0,8.0,8.0,362.0,310.0
974,577.0,336.0,8.0,8.0,581.0,340.0
975,574.0,306.0,8.0,8.0,578.0,310.0
976,689.0,306.0,8.0,8.0,693.0,310.0
977,660.0,313.0,8.0,8.0,664.0,317.0
978,726.0,320.0,8.0,8.0,730.0,324.0
979,399.0,613.0,8.0,8.0,403.0,617.0
980,294.0,613.0,8.0,8.0,298.0,617.0
981,343.0,310.0,8.0,8.0,347.0,314.0
982,23.0,612.0,8.0,8.0,27.0,616.0
983,0.0,594.0,8.0,8.0,4.0,598.0
984,445.0,309.0,8.0,8.0,449.0,313.0
985,59.0,310.0,8.0,8.0,63.0,314.0
986,438.0,608.0,8.0,8.0,442.0,612.0
987,653.0,312.0,8.0,8.0,657.0,316.0
988,14.0,358.0,8.0,8.0,18.0,362.0
989,573.0,438.0,8.0,8.0,577.0,442.0
990,249.0,771.0,9.0,9.0,254.0,776.0
991,787.0,749.0,9.0,9.0,792.0,754.0
992,467.0,767.0,9.0,9.0,472.0,772.0
993,449.0,787.0,9.0,9.0,454.0,792.0
994,347.0,783.0,9.0,9.0,352.0,788.0
995,530.0,399.0,9.0,9.0,534.0,404.0
996,407.0,153.0,9.0,9.0,412.0,158.0
997,787.0,161.0,9.0,9.0,792.0,166.0
998,263.0,676.0,9.0,9.0,268.0,680.0
999,666.0,784.0,9.0,9.0,670.0,788.0
1000,411.0,761.0,9.0,9.0,416.0,766.0
1001,210.0,605.0,9.0,9.0,214.0,610.0
1002,135.0,791.0,9.0,9.0,140.0,796.0
1003,361.0,707.0,9.0,9.0,366.0,712.0
1004,677.0,787.0,9.0,9.0,682.0,792.0
1005,476.0,301.0,9.0,9.0,480.0,306.0
1006,230.0,342.0,9.0,9.0,234.0,346.0
1007,643.0,769.0,9.0,9.0,648.0,774.0
1008,553.0,-0.0,8.0,8.0,558.0,4.0
1009,167.0,329.0,9.0,9.0,172.0,334.0
1010,501.0,429.0,9.0,9.0,506.0,434.0
1011,735.0,675.0,9.0,9.0,740.0,680.0
1012,145.0,275.0,9.0,9.0,150.0,280.0
1013,327.0,265.0,9.0,9.0,332.0,270.0
1014,231.0,265.0,9.0,9.0,236.0,270.0
1015,111.0,261.0,9.0,9.0,116.0,266.0
1016,785.0,255.0,9.0,9.0,790.0,260.0
1017,61.0,441.0,9.0,9.0,66.0,446.0
1018,197.0,245.0,9.0,9.0,202.0,250.0
1019,285.0,451.0,9.0,9.0,290.0,456.0
1020,511.0,285.0,9.0,9.0,516.0,290.0
1021,573.0,230.0,9.0,9.0,578.0,234.0
1022,383.0,463.0,9.0,9.0,388.0,468.0
1023,733.0,692.0,9.0,9.0,738.0,696.0
1024,613.0,695.0,9.0,9.0,618.0,700.0
1025,647.0,573.0,9.0,9.0,652.0,578.0
1026,50.0,200.0,9.0,9.0,54.0,204.0
1027,483.0,195.0,9.0,9.0,488.0,200.0
1028,363.0,569.0,9.0,9.0,368.0,574.0
1029,463.0,473.0,9.0,9.0,468.0,478.0
1030,144.0,697.0,9.0,9.0,148.0,702.0
1031,249.0,699.0,9.0,9.0,254.0,704.0
1032,749.0,224.0,9.0,9.0,754.0,228.0
1033,167.0,195.0,9.0,9.0,172.0,200.0
1034,235.0,421.0,9.0,9.0,240.0,426.0
1035,791.0,671.0,9.0,9.0,796.0,676.0
1036,465.0,363.0,9.0,9.0,470.0,368.0
1037,561.0,365.0,9.0,9.0,566.0,370.0
1038,411.0,345.0,9.0,9.0,416.0,350.0
1039,345.0,623.0,9.0,9.0,350.0,628.0
1040,365.0,637.0,9.0,9.0,370.0,642.0
1041,689.0,637.0,9.0,9.0,694.0,642.0
1042,379.0,619.0,9.0,9.0,384.0,624.0
1043,157.0,641.0,9.0,9.0,162.0,646.0
1044,411.0,641.0,9.0,9.0,416.0,646.0
1045,725.0,613.0,9.0,9.0,730.0,618.0
1046,177.0,299.0,9.0,9.0,182.0,304.0
1047,265.0,381.0,9.0,9.0,270.0,386.0
1048,621.0,381.0,9.0,9.0,626.0,386.0
1049,297.0,389.0,9.0,9.0,302.0,394.0
1050,71.0,323.0,9.0,9.0,76.0,328.0
1051,625.0,317.0,9.0,9.0,630.0,322.0
1052,561.0,605.0,9.0,9.0,566.0,610.0
1053,179.0,399.0,9.0,9.0,184.0,404.0
1054,693.0,665.0,9.0,9.0,698.0,670.0
1055,349.0,405.0,9.0,9.0,354.0,410.0
1056,23.0,299.0,9.0,9.0,28.0,304.0
1057,473.0,329.0,9.0,9.0,478.0,334.0
1058,491.0,189.0,9.0,9.0,496.0,194.0
1059,415.0,458.0,9.0,9.0,420.0,462.0
1060,755.0,37.0,9.0,9.0,760.0,42.0
1061,561.0,67.0,9.0,9.0,566.0,72.0
1062,655.0,37.0,9.0,9.0,660.0,42.0
1063,263.0,497.0,9.0,9.0,268.0,502.0
1064,255.0,737.0,9.0,9.0,260.0,742.0
1065,275.0,513.0,9.0,9.0,280.0,518.0
1066,593.0,523.0,9.0,9.0,598.0,528.0
1067,375.0,517.0,9.0,9.0,380.0,522.0
1068,777.0,95.0,9.0,9.0,782.0,100.0
1069,113.0,547.0,9.0,9.0,118.0,552.0
1070,449.0,49.0,9.0,9.0,454.0,54.0
1071,681.0,141.0,9.0,9.0,686.0,146.0
1072,249.0,523.0,9.0,9.0,254.0,528.0
1073,542.0,549.0,9.0,9.0,546.0,554.0
1074,75.0,136.0,9.0,9.0,80.0,140.0
1075,776.0,717.0,9.0,9.0,780.0,722.0
1076,693.0,545.0,9.0,9.0,698.0,550.0
1077,697.0,69.0,9.0,9.0,702.0,74.0
1078,547.0,163.0,9.0,9.0,552.0,168.0
1079,737.0,743.0,9.0,9.0,742.0,748.0
1080,743.0,85.0,9.0,9.0,748.0,90.0
1081,607.0,75.0,9.0,9.0,612.0,80.0
1082,583.0,171.0,9.0,9.0,588.0,176.0
1083,41.0,485.0,9.0,9.0,46.0,490.0
1084,327.0,171.0,9.0,9.0,332.0,176.0
1085,249.0,489.0,9.0,9.0,254.0,494.0
1086,483.0,529.0,9.0,9.0,488.0,534.0
1087,283.0,500.0,9.0,9.0,288.0,504.0
1088,535.0,23.0,9.0,9.0,540.0,28.0
1089,549.0,115.0,9.0,9.0,554.0,120.0
1090,25.0,713.0,9.0,9.0,30.0,718.0
1091,709.0,417.0,10.0,10.0,714.0,422.0
1092,295.0,400.0,10.0,10.0,300.0,405.0
1093,92.0,404.0,10.0,10.0,97.0,409.0
1094,521.0,517.0,10.0,10.0,526.0,522.0
1095,257.0,593.0,10.0,10.0,262.0,598.0
1096,497.0,421.0,10.0,10.0,502.0,426.0
1097,116.0,398.0,10.0,10.0,121.0,403.0
1098,298.0,409.0,10.0,10.0,303.0,414.0
1099,185.0,419.0,10.0,10.0,190.0,424.0
1100,713.0,409.0,10.0,10.0,718.0,414.0
1101,12.0,485.0,10.0,10.0,17.0,490.0
1102,245.0,391.0,10.0,10.0,250.0,396.0
1103,361.0,365.0,10.0,10.0,366.0,370.0
1104,264.0,535.0,10.0,10.0,269.0,540.0
1105,691.0,365.0,10.0,10.0,696.0,370.0
1106,473.0,529.0,10.0,10.0,478.0,534.0
1107,732.0,527.0,10.0,10.0,737.0,532.0
1108,42.0,526.0,10.0,10.0,47.0,531.0
1109,585.0,390.0,10.0,10.0,590.0,395.0
1110,745.0,369.0,10.0,10.0,750.0,374.0
1111,617.0,373.0,10.0,10.0,622.0,378.0
1112,200.0,373.0,10.0,10.0,205.0,378.0
1113,374.0,377.0,10.0,10.0,379.0,382.0
1114,647.0,378.0,10.0,10.0,652.0,383.0
1115,269.0,526.0,10.0,10.0,274.0,531.0
1116,453.0,382.0,10.0,10.0,458.0,387.0
1117,767.0,371.0,10.0,10.0,772.0,376.0
1118,202.0,421.0,10.0,10.0,207.0,426.0
1119,581.0,515.0,10.0,10.0,586.0,520.0
1120,213.0,424.0,10.0,10.0,218.0,429.0
1121,307.0,361.0,10.0,10.0,312.0,366.0
1122,755.0,459.0,10.0,10.0,760.0,464.0
1123,419.0,497.0,10.0,10.0,424.0,502.0
1124,194.0,460.0,10.0,10.0,199.0,465.0
1125,317.0,463.0,10.0,10.0,322.0,468.0
1126,641.0,463.0,10.0,10.0,646.0,468.0
1127,52.0,463.0,10.0,10.0,57.0,468.0
1128,203.0,495.0,10.0,10.0,208.0,500.0
1129,512.0,463.0,10.0,10.0,517.0,468.0
1130,735.0,487.0,10.0,10.0,740.0,492.0
1131,671.0,464.0,10.0,10.0,676.0,469.0
1132,248.0,469.0,10.0,10.0,253.0,474.0
1133,301.0,473.0,10.0,10.0,306.0,478.0
1134,275.0,485.0,10.0,10.0,280.0,490.0
1135,60.0,485.0,10.0,10.0,65.0,490.0
1136,264.0,485.0,10.0,10.0,269.0,490.0
1137,149.0,474.0,10.0,10.0,154.0,479.0
1138,330.0,477.0,10.0,10.0,335.0,482.0
1139,704.0,477.0,10.0,10.0,709.0,482.0
1140,374.0,458.0,10.0,10.0,379.0,463.0
1141,115.0,515.0,10.0,10.0,120.0,520.0
1142,407.0,455.0,10.0,10.0,412.0,460.0
1143,689.0,449.0,10.0,10.0,694.0,454.0
1144,20.0,425.0,10.0,10.0,25.0,430.0
1145,682.0,425.0,10.0,10.0,687.0,430.0
1146,229.0,399.0,10.0,10.0,234.0,404.0
1147,676.0,479.0,10.0,10.0,681.0,484.0
1148,776.0,426.0,10.0,10.0,781.0,431.0
1149,325.0,513.0,10.0,10.0,330.0,518.0
1150,648.0,431.0,10.0,10.0,653.0,436.0
1151,386.0,432.0,10.0,10.0,391.0,437.0
1152,269.0,431.0,10.0,10.0,274.0,436.0
1153,201.0,270.0,10.0,10.0,206.0,275.0
1154,749.0,435.0,10.0,10.0,754.0,440.0
1155,440.0,437.0,10.0,10.0,445.0,442.0
1156,559.0,505.0,10.0,10.0,564.0,510.0
1157,69.0,441.0,10.0,10.0,74.0,446.0
1158,271.0,499.0,10.0,10.0,276.0,504.0
1159,579.0,496.0,10.0,10.0,584.0,501.0
1160,782.0,441.0,10.0,10.0,787.0,446.0
1161,518.0,445.0,10.0,10.0,523.0,450.0
1162,609.0,447.0,10.0,10.0,614.0,452.0
1163,71.0,452.0,10.0,10.0,76.0,457.0
1164,639.0,361.0,10.0,10.0,644.0,366.0
1165,113.0,358.0,10.0,10.0,118.0,363.0
1166,201.0,155.0,10.0,10.0,206.0,160.0
1167,509.0,171.0,10.0,10.0,514.0,176.0
1168,621.0,176.0,10.0,10.0,626.0,181.0
1169,168.0,185.0,10.0,10.0,173.0,190.0
1170,660.0,186.0,10.0,10.0,665.0,191.0
1171,611.0,190.0,10.0,10.0,616.0,195.0
1172,84.0,193.0,10.0,10.0,89.0,198.0
1173,198.0,194.0,10.0,10.0,203.0,199.0
1174,769.0,195.0,10.0,10.0,774.0,200.0
1175,431.0,196.0,10.0,10.0,436.0,201.0
1176,439.0,200.0,10.0,10.0,444.0,205.0
1177,432.0,205.0,10.0,10.0,437.0,210.0
1178,531.0,205.0,10.0,10.0,536.0,210.0
1179,49.0,211.0,10.0,10.0,54.0,216.0
1180,310.0,213.0,10.0,10.0,315.0,218.0
1181,127.0,213.0,10.0,10.0,132.0,218.0
1182,732.0,213.0,10.0,10.0,737.0,218.0
1183,284.0,219.0,10.0,10.0,289.0,224.0
1184,437.0,220.0,10.0,10.0,442.0,225.0
1185,129.0,223.0,10.0,10.0,134.0,228.0
1186,323.0,231.0,10.0,10.0,328.0,236.0
1187,29.0,231.0,10.0,10.0,34.0,236.0
1188,150.0,231.0,10.0,10.0,155.0,236.0
1189,59.0,154.0,10.0,10.0,64.0,159.0
1190,640.0,233.0,10.0,10.0,645.0,238.0
1191,402.0,151.0,10.0,10.0,407.0,156.0
1192,481.0,144.0,10.0,10.0,486.0,149.0
1193,633.0,1.0,10.0,10.0,638.0,6.0
1194,659.0,11.0,10.0,10.0,664.0,16.0
1195,751.0,13.0,10.0,10.0,756.0,18.0
1196,483.0,17.0,10.0,10.0,488.0,22.0
1197,717.0,29.0,10.0,10.0,722.0,34.0
1198,783.0,33.0,10.0,10.0,788.0,38.0
1199,703.0,37.0,10.0,10.0,708.0,42.0
1200,646.0,317.0,10.0,10.0,651.0,322.0
1201,396.0,47.0,10.0,10.0,401.0,52.0
1202,523.0,61.0,10.0,10.0,528.0,66.0
1203,643.0,61.0,10.0,10.0,648.0,66.0
1204,438.0,61.0,10.0,10.0,443.0,66.0
1205,692.0,63.0,10.0,10.0,697.0,68.0
1206,381.0,94.0,10.0,10.0,386.0,99.0
1207,483.0,99.0,10.0,10.0,488.0,104.0
1208,79.0,120.0,10.0,10.0,84.0,125.0
1209,728.0,121.0,10.0,10.0,733.0,126.0
1210,490.0,125.0,10.0,10.0,495.0,130.0
1211,701.0,131.0,10.0,10.0,706.0,136.0
1212,525.0,137.0,10.0,10.0,530.0,142.0
1213,43.0,137.0,10.0,10.0,48.0,142.0
1214,583.0,143.0,10.0,10.0,588.0,148.0
1215,443.0,144.0,10.0,10.0,448.0,149.0
1216,503.0,145.0,10.0,10.0,508.0,150.0
1217,614.0,359.0,10.0,10.0,619.0,364.0
1218,523.0,237.0,10.0,10.0,528.0,242.0
1219,669.0,236.0,10.0,10.0,674.0,241.0
1220,154.0,305.0,10.0,10.0,159.0,310.0
1221,331.0,311.0,10.0,10.0,336.0,316.0
1222,667.0,313.0,10.0,10.0,672.0,318.0
1223,395.0,315.0,10.0,10.0,400.0,320.0
1224,361.0,316.0,10.0,10.0,366.0,321.0
1225,689.0,328.0,10.0,10.0,694.0,333.0
1226,288.0,537.0,10.0,10.0,293.0,542.0
1227,437.0,330.0,10.0,10.0,442.0,335.0
1228,195.0,329.0,10.0,10.0,200.0,334.0
1229,699.0,331.0,10.0,10.0,704.0,336.0
1230,445.0,331.0,10.0,10.0,450.0,336.0
1231,79.0,338.0,10.0,10.0,84.0,343.0
1232,564.0,337.0,10.0,10.0,569.0,342.0
1233,104.0,341.0,10.0,10.0,109.0,346.0
1234,699.0,342.0,10.0,10.0,704.0,347.0
1235,353.0,343.0,10.0,10.0,358.0,348.0
1236,511.0,345.0,10.0,10.0,516.0,350.0
1237,204.0,345.0,10.0,10.0,209.0,350.0
1238,227.0,345.0,10.0,10.0,232.0,350.0
1239,391.0,617.0,10.0,10.0,396.0,622.0
1240,727.0,353.0,10.0,10.0,732.0,358.0
1241,776.0,353.0,10.0,10.0,781.0,358.0
1242,203.0,357.0,10.0,10.0,208.0,362.0
1243,301.0,303.0,10.0,10.0,306.0,308.0
1244,157.0,237.0,10.0,10.0,162.0,242.0
1245,779.0,302.0,10.0,10.0,784.0,307.0
1246,398.0,301.0,10.0,10.0,403.0,306.0
1247,742.0,238.0,10.0,10.0,747.0,243.0
1248,228.0,241.0,10.0,10.0,233.0,246.0
1249,319.0,245.0,10.0,10.0,324.0,250.0
1250,513.0,250.0,10.0,10.0,518.0,255.0
1251,33.0,264.0,10.0,10.0,38.0,269.0
1252,554.0,266.0,10.0,10.0,559.0,271.0
1253,587.0,277.0,10.0,10.0,592.0,282.0
1254,567.0,279.0,10.0,10.0,572.0,284.0
1255,325.0,281.0,10.0,10.0,330.0,286.0
1256,397.0,281.0,10.0,10.0,402.0,286.0
1257,492.0,281.0,10.0,10.0,497.0,286.0
1258,521.0,281.0,10.0,10.0,526.0,286.0
1259,316.0,285.0,10.0,10.0,321.0,290.0
1260,721.0,285.0,10.0,10.0,726.0,290.0
1261,287.0,289.0,10.0,10.0,292.0,294.0
1262,41.0,295.0,10.0,10.0,46.0,300.0
1263,151.0,297.0,10.0,10.0,156.0,302.0
1264,545.0,297.0,10.0,10.0,550.0,302.0
1265,211.0,299.0,10.0,10.0,216.0,304.0
1266,237.0,299.0,10.0,10.0,242.0,304.0
1267,331.0,300.0,10.0,10.0,336.0,305.0
1268,660.0,300.0,10.0,10.0,665.0,305.0
1269,63.0,302.0,10.0,10.0,68.0,307.0
1270,722.0,789.0,10.0,10.0,727.0,794.0
1271,96.0,710.0,10.0,10.0,101.0,715.0
1272,308.0,537.0,10.0,10.0,313.0,542.0
1273,271.0,437.0,10.0,10.0,276.0,442.0
1274,581.0,708.0,10.0,10.0,586.0,713.0
1275,719.0,591.0,10.0,10.0,724.0,596.0
1276,407.0,708.0,10.0,10.0,412.0,713.0
1277,50.0,708.0,10.0,10.0,55.0,713.0
1278,247.0,762.0,10.0,10.0,252.0,767.0
1279,90.0,590.0,10.0,10.0,95.0,595.0
1280,467.0,641.0,10.0,10.0,472.0,646.0
1281,457.0,588.0,10.0,10.0,462.0,593.0
1282,19.0,507.0,10.0,10.0,24.0,512.0
1283,202.0,589.0,10.0,10.0,207.0,594.0
1284,611.0,585.0,10.0,10.0,616.0,590.0
1285,623.0,707.0,10.0,10.0,628.0,712.0
1286,629.0,585.0,10.0,10.0,634.0,590.0
1287,780.0,706.0,10.0,10.0,785.0,711.0
1288,779.0,763.0,10.0,10.0,784.0,768.0
1289,330.0,655.0,10.0,10.0,335.0,660.0
1290,165.0,656.0,10.0,10.0,170.0,661.0
1291,139.0,654.0,10.0,10.0,144.0,659.0
1292,105.0,573.0,10.0,10.0,110.0,578.0
1293,449.0,575.0,10.0,10.0,454.0,580.0
1294,247.0,577.0,10.0,10.0,252.0,582.0
1295,229.0,595.0,10.0,10.0,234.0,600.0
1296,527.0,705.0,10.0,10.0,532.0,710.0
1297,269.0,650.0,10.0,10.0,274.0,655.0
1298,718.0,581.0,10.0,10.0,723.0,586.0
1299,790.0,650.0,10.0,10.0,795.0,655.0
1300,243.0,584.0,10.0,10.0,248.0,589.0
1301,349.0,584.0,10.0,10.0,354.0,589.0
1302,633.0,646.0,10.0,10.0,638.0,651.0
1303,606.0,657.0,10.0,10.0,611.0,662.0
1304,30.0,595.0,10.0,10.0,35.0,600.0
1305,336.0,746.0,10.0,10.0,341.0,751.0
1306,369.0,609.0,10.0,10.0,374.0,614.0
1307,110.0,607.0,10.0,10.0,115.0,612.0
1308,589.0,729.0,10.0,10.0,594.0,734.0
1309,635.0,605.0,10.0,10.0,640.0,610.0
1310,163.0,728.0,10.0,10.0,168.0,733.0
1311,411.0,732.0,10.0,10.0,416.0,737.0
1312,659.0,726.0,10.0,10.0,664.0,731.0
1313,552.0,607.0,10.0,10.0,557.0,612.0
1314,659.0,605.0,10.0,10.0,664.0,610.0
1315,765.0,723.0,10.0,10.0,770.0,728.0
1316,381.0,613.0,10.0,10.0,386.0,618.0
1317,655.0,616.0,10.0,10.0,660.0,621.0
1318,345.0,687.0,10.0,10.0,350.0,692.0
1319,388.0,752.0,10.0,10.0,393.0,757.0
1320,759.0,731.0,10.0,10.0,764.0,736.0
1321,281.0,393.0,10.0,10.0,286.0,398.0
1322,368.0,718.0,10.0,10.0,373.0,723.0
1323,537.0,741.0,10.0,10.0,542.0,746.0
1324,130.0,632.0,10.0,10.0,135.0,637.0
1325,273.0,739.0,10.0,10.0,278.0,744.0
1326,405.0,599.0,10.0,10.0,410.0,604.0
1327,140.0,747.0,10.0,10.0,145.0,752.0
1328,23.0,600.0,10.0,10.0,28.0,605.0
1329,168.0,717.0,10.0,10.0,173.0,722.0
1330,118.0,739.0,10.0,10.0,123.0,744.0
1331,495.0,602.0,10.0,10.0,500.0,607.0
1332,653.0,737.0,10.0,10.0,658.0,742.0
1333,760.0,627.0,10.0,10.0,765.0,632.0
1334,554.0,732.0,10.0,10.0,559.0,737.0
1335,614.0,717.0,10.0,10.0,619.0,722.0
1336,712.0,621.0,10.0,10.0,717.0,626.0
1337,157.0,759.0,10.0,10.0,162.0,764.0
1338,111.0,656.0,10.0,10.0,116.0,661.0
1339,385.0,651.0,10.0,10.0,390.0,656.0
1340,419.0,658.0,10.0,10.0,424.0,663.0
1341,555.0,787.0,10.0,10.0,560.0,792.0
1342,201.0,671.0,10.0,10.0,206.0,676.0
1343,217.0,696.0,10.0,10.0,222.0,701.0
1344,243.0,610.0,10.0,10.0,248.0,615.0
1345,635.0,691.0,10.0,10.0,640.0,696.0
1346,335.0,691.0,10.0,10.0,340.0,696.0
1347,535.0,674.0,10.0,10.0,540.0,679.0
1348,512.0,676.0,10.0,10.0,517.0,681.0
1349,174.0,677.0,10.0,10.0,179.0,682.0
1350,391.0,770.0,10.0,10.0,396.0,775.0
1351,751.0,678.0,10.0,10.0,756.0,683.0
1352,457.0,679.0,10.0,10.0,462.0,684.0
1353,635.0,549.0,10.0,10.0,640.0,554.0
1354,684.0,680.0,10.0,10.0,689.0,685.0
1355,253.0,550.0,10.0,10.0,258.0,555.0
1356,49.0,548.0,10.0,10.0,54.0,553.0
1357,97.0,691.0,10.0,10.0,102.0,696.0
1358,508.0,685.0,10.0,10.0,513.0,690.0
1359,386.0,774.0,10.0,10.0,391.0,779.0
1360,3.0,781.0,10.0,10.0,8.0,786.0
1361,351.0,539.0,10.0,10.0,356.0,544.0
1362,633.0,773.0,10.0,10.0,638.0,778.0
1363,702.0,687.0,10.0,10.0,707.0,692.0
1364,558.0,698.0,10.0,10.0,563.0,703.0
1365,716.0,689.0,10.0,10.0,721.0,694.0
1366,230.0,683.0,10.0,10.0,235.0,688.0
1367,613.0,680.0,10.0,10.0,618.0,685.0
1368,626.0,541.0,10.0,10.0,631.0,546.0
1369,531.0,689.0,10.0,10.0,536.0,694.0
1370,557.0,781.0,10.0,10.0,562.0,786.0
1371,178.0,691.0,10.0,10.0,183.0,696.0
1372,597.0,685.0,10.0,10.0,602.0,690.0
1373,669.0,697.0,10.0,10.0,674.0,702.0
1374,88.0,693.0,10.0,10.0,93.0,698.0
1375,65.0,669.0,10.0,10.0,70.0,674.0
1376,476.0,657.0,10.0,10.0,481.0,662.0
1377,538.0,658.0,10.0,10.0,543.0,663.0
1378,719.0,662.0,10.0,10.0,724.0,667.0
1379,501.0,765.0,10.0,10.0,506.0,770.0
1380,752.0,698.0,10.0,10.0,757.0,703.0
1381,119.0,665.0,10.0,10.0,124.0,670.0
1382,659.0,697.0,10.0,10.0,664.0,702.0
1383,147.0,564.0,10.0,10.0,152.0,569.0
1384,714.0,553.0,10.0,10.0,719.0,558.0
1385,370.0,561.0,10.0,10.0,375.0,566.0
1386,51.0,669.0,10.0,10.0,56.0,674.0
1387,185.0,562.0,10.0,10.0,190.0,567.0
1388,542.0,560.0,10.0,10.0,547.0,565.0
1389,230.0,727.0,10.0,10.0,235.0,732.0
1390,78.0,789.0,10.0,10.0,83.0,794.0
1391,160.0,557.0,10.0,10.0,165.0,562.0
1392,383.0,558.0,10.0,10.0,388.0,563.0
1393,666.0,213.0,11.0,11.0,672.0,218.0
1394,308.0,296.0,11.0,11.0,314.0,302.0
1395,150.0,720.0,11.0,11.0,156.0,726.0
1396,200.0,754.0,11.0,11.0,206.0,760.0
1397,412.0,298.0,11.0,11.0,418.0,304.0
1398,734.0,636.0,11.0,11.0,740.0,642.0
1399,308.0,342.0,11.0,11.0,314.0,348.0
1400,192.0,236.0,11.0,11.0,198.0,242.0
1401,712.0,326.0,11.0,11.0,718.0,332.0
1402,472.0,254.0,11.0,11.0,478.0,260.0
1403,240.0,190.0,11.0,11.0,246.0,196.0
1404,212.0,172.0,11.0,11.0,218.0,178.0
1405,88.0,316.0,11.0,11.0,94.0,322.0
1406,372.0,246.0,11.0,11.0,378.0,252.0
1407,662.0,380.0,11.0,11.0,668.0,386.0
1408,790.0,190.0,11.0,11.0,796.0,196.0
1409,646.0,664.0,11.0,11.0,652.0,670.0
1410,238.0,756.0,11.0,11.0,244.0,762.0
1411,368.0,664.0,11.0,11.0,374.0,670.0
1412,120.0,673.0,11.0,11.0,126.0,678.0
1413,730.0,178.0,11.0,11.0,736.0,184.0
1414,684.0,356.0,11.0,11.0,690.0,362.0
1415,234.0,215.0,11.0,11.0,240.0,220.0
1416,452.0,766.0,11.0,11.0,458.0,772.0
1417,546.0,216.0,11.0,11.0,552.0,222.0
1418,752.0,352.0,11.0,11.0,758.0,358.0
1419,762.0,300.0,11.0,11.0,768.0,306.0
1420,226.0,788.0,11.0,11.0,232.0,794.0
1421,126.0,186.0,11.0,11.0,132.0,192.0
1422,262.0,279.0,11.0,11.0,268.0,284.0
1423,68.0,342.0,11.0,11.0,74.0,348.0
1424,86.0,160.0,11.0,11.0,92.0,166.0
1425,24.0,350.0,11.0,11.0,30.0,356.0
1426,30.0,360.0,11.0,11.0,36.0,366.0
1427,246.0,330.0,11.0,11.0,252.0,336.0
1428,462.0,266.0,11.0,11.0,468.0,272.0
1429,374.0,136.0,11.0,11.0,380.0,142.0
1430,432.0,622.0,11.0,11.0,438.0,628.0
1431,362.0,330.0,11.0,11.0,368.0,336.0
1432,668.0,62.0,11.0,11.0,674.0,68.0
1433,176.0,82.0,11.0,11.0,182.0,88.0
1434,278.0,584.0,11.0,11.0,284.0,590.0
1435,438.0,450.0,11.0,11.0,444.0,456.0
1436,534.0,584.0,11.0,11.0,540.0,590.0
1437,556.0,459.0,11.0,11.0,562.0,464.0
1438,726.0,460.0,11.0,11.0,732.0,466.0
1439,108.0,578.0,11.0,11.0,114.0,584.0
1440,706.0,466.0,11.0,11.0,712.0,472.0
1441,566.0,572.0,11.0,11.0,572.0,578.0
1442,708.0,430.0,11.0,11.0,714.0,436.0
1443,724.0,472.0,11.0,11.0,730.0,478.0
1444,304.0,490.0,11.0,11.0,310.0,496.0
1445,192.0,558.0,11.0,11.0,198.0,564.0
1446,58.0,554.0,11.0,11.0,64.0,560.0
1447,598.0,504.0,11.0,11.0,604.0,510.0
1448,214.0,524.0,11.0,11.0,220.0,530.0
1449,168.0,542.0,11.0,11.0,174.0,548.0
1450,72.0,530.0,11.0,11.0,78.0,536.0
1451,52.0,532.0,11.0,11.0,58.0,538.0
1452,530.0,726.0,11.0,11.0,536.0,732.0
1453,400.0,18.0,11.0,11.0,406.0,24.0
1454,70.0,244.0,11.0,11.0,76.0,250.0
1455,128.0,410.0,11.0,11.0,134.0,416.0
1456,358.0,604.0,11.0,11.0,364.0,610.0
1457,484.0,52.0,11.0,11.0,490.0,58.0
1458,614.0,181.0,11.0,11.0,620.0,186.0
1459,580.0,44.0,11.0,11.0,586.0,50.0
1460,606.0,734.0,11.0,11.0,612.0,740.0
1461,276.0,412.0,11.0,11.0,282.0,418.0
1462,397.0,752.0,11.0,11.0,402.0,758.0
1463,699.0,45.0,11.0,11.0,704.0,50.0
1464,688.0,611.0,12.0,12.0,694.0,617.0
1465,783.0,601.0,12.0,12.0,789.0,607.0
1466,344.0,600.0,12.0,12.0,350.0,606.0
1467,631.0,593.0,12.0,12.0,637.0,599.0
1468,204.0,571.0,12.0,12.0,210.0,577.0
1469,658.0,2.0,12.0,12.0,664.0,8.0
1470,683.0,565.0,12.0,12.0,689.0,571.0
1471,640.0,563.0,12.0,12.0,646.0,569.0
1472,160.0,534.0,12.0,12.0,166.0,540.0
1473,779.0,509.0,12.0,12.0,785.0,515.0
1474,163.0,504.0,12.0,12.0,169.0,510.0
1475,184.0,487.0,12.0,12.0,190.0,493.0
1476,740.0,64.0,12.0,12.0,746.0,70.0
1477,454.0,482.0,12.0,12.0,460.0,488.0
1478,409.0,476.0,12.0,12.0,415.0,482.0
1479,673.0,126.0,12.0,12.0,679.0,132.0
1480,478.0,565.0,12.0,12.0,484.0,571.0
1481,599.0,564.0,12.0,12.0,605.0,570.0
1482,143.0,615.0,12.0,12.0,149.0,621.0
1483,754.0,766.0,12.0,12.0,760.0,772.0
1484,201.0,783.0,12.0,12.0,207.0,789.0
1485,729.0,772.0,12.0,12.0,735.0,778.0
1486,303.0,770.0,12.0,12.0,309.0,776.0
1487,328.0,762.0,12.0,12.0,334.0,768.0
1488,546.0,71.0,12.0,12.0,552.0,77.0
1489,355.0,738.0,12.0,12.0,361.0,744.0
1490,318.0,715.0,12.0,12.0,324.0,721.0
1491,763.0,700.0,12.0,12.0,769.0,706.0
1492,42.0,688.0,12.0,12.0,48.0,694.0
1493,734.0,112.0,12.0,12.0,740.0,118.0
1494,43.0,640.0,12.0,12.0,49.0,646.0
1495,0.0,754.0,12.0,12.0,6.0,760.0
1496,192.0,636.0,12.0,12.0,198.0,642.0
1497,728.0,225.0,12.0,12.0,734.0,231.0
1498,404.0,224.0,12.0,12.0,410.0,230.0
1499,183.0,622.0,12.0,12.0,189.0,628.0
1500,595.0,121.0,12.0,12.0,601.0,127.0
1501,578.0,420.0,12.0,12.0,584.0,426.0
1502,256.0,459.0,12.0,12.0,262.0,465.0
1503,775.0,180.0,12.0,12.0,781.0,186.0
1504,536.0,190.0,12.0,12.0,542.0,196.0
1505,19.0,189.0,12.0,12.0,25.0,195.0
1506,415.0,174.0,12.0,12.0,421.0,180.0
1507,691.0,152.0,12.0,12.0,697.0,158.0
1508,72.0,145.0,12.0,12.0,78.0,151.0
1509,242.0,136.0,12.0,12.0,248.0,142.0
1510,755.0,117.0,12.0,12.0,761.0,123.0
1511,622.0,160.0,12.0,12.0,628.0,166.0
1512,498.0,160.0,12.0,12.0,504.0,166.0
1513,160.0,709.0,12.0,12.0,166.0,715.0
1514,531.0,477.0,12.0,12.0,537.0,483.0
1515,214.0,189.0,12.0,12.0,220.0,195.0
1516,7.0,260.0,12.0,12.0,13.0,266.0
1517,482.0,458.0,12.0,12.0,488.0,464.0
1518,92.0,433.0,12.0,12.0,98.0,439.0
1519,626.0,364.0,12.0,12.0,632.0,370.0
1520,743.0,420.0,12.0,12.0,749.0,426.0
1521,155.0,419.0,12.0,12.0,161.0,425.0
1522,596.0,416.0,12.0,12.0,602.0,422.0
1523,667.0,412.0,12.0,12.0,673.0,418.0
1524,620.0,394.0,12.0,12.0,626.0,400.0
1525,573.0,379.0,12.0,12.0,579.0,385.0
1526,390.0,463.0,12.0,12.0,396.0,469.0
1527,587.0,378.0,12.0,12.0,593.0,384.0
1528,735.0,371.0,12.0,12.0,741.0,377.0
1529,4.0,126.0,12.0,12.0,10.0,132.0
1530,308.0,721.0,12.0,12.0,314.0,727.0
1531,144.0,320.0,12.0,12.0,150.0,326.0
1532,14.0,748.0,12.0,12.0,20.0,754.0
1533,485.0,268.0,12.0,12.0,491.0,274.0
1534,75.0,264.0,12.0,12.0,81.0,270.0
1535,31.0,377.0,12.0,12.0,37.0,383.0
1536,412.0,537.0,12.0,12.0,418.0,543.0
1537,244.0,635.0,12.0,12.0,250.0,641.0
1538,485.0,504.0,12.0,12.0,491.0,510.0
1539,405.0,654.0,12.0,12.0,411.0,660.0
1540,114.0,327.0,12.0,12.0,120.0,333.0
1541,116.0,647.0,12.0,12.0,122.0,653.0
1542,710.0,591.0,12.0,12.0,716.0,597.0
1543,313.0,372.0,12.0,12.0,319.0,378.0
1544,498.0,504.0,12.0,12.0,504.0,510.0
1545,406.0,461.0,12.0,12.0,412.0,467.0
1546,258.0,626.0,12.0,12.0,264.0,632.0
1547,535.0,424.0,12.0,12.0,541.0,430.0
1548,788.0,168.0,12.0,12.0,794.0,174.0
1549,519.0,479.0,12.0,12.0,525.0,485.0
1550,504.0,478.0,12.0,12.0,510.0,484.0
1551,28.0,506.0,12.0,12.0,34.0,512.0
1552,153.0,519.0,12.0,12.0,159.0,525.0
1553,620.0,509.0,12.0,12.0,626.0,515.0
1554,762.0,351.0,12.0,12.0,768.0,357.0
1555,162.0,632.0,12.0,12.0,168.0,638.0
1556,726.0,513.0,12.0,12.0,732.0,519.0
1557,718.0,519.0,12.0,12.0,724.0,525.0
1558,736.0,684.0,12.0,12.0,742.0,690.0
1559,754.0,244.0,12.0,12.0,760.0,250.0
1560,155.0,432.0,12.0,12.0,161.0,438.0
1561,532.0,410.0,12.0,12.0,538.0,416.0
1562,638.0,405.0,12.0,12.0,644.0,411.0
1563,482.0,410.0,12.0,12.0,488.0,416.0
1564,267.0,424.0,12.0,12.0,273.0,430.0
1565,787.0,394.0,12.0,12.0,793.0,400.0
1566,677.0,446.0,12.0,12.0,683.0,452.0
1567,392.0,390.0,12.0,12.0,398.0,396.0
1568,59.0,288.0,12.0,12.0,65.0,294.0
1569,634.0,380.0,12.0,12.0,640.0,386.0
1570,630.0,786.0,12.0,12.0,636.0,792.0
1571,786.0,456.0,12.0,12.0,792.0,462.0
1572,487.0,606.0,12.0,12.0,493.0,612.0
1573,418.0,610.0,12.0,12.0,424.0,616.0
1574,215.0,624.0,12.0,12.0,221.0,630.0
1575,378.0,531.0,12.0,12.0,384.0,537.0
1576,526.0,294.0,12.0,12.0,532.0,300.0
1577,165.0,611.0,13.0,13.0,172.0,618.0
1578,539.0,407.0,13.0,13.0,546.0,414.0
1579,517.0,407.0,13.0,13.0,524.0,414.0
1580,124.0,593.0,13.0,13.0,130.0,600.0
1581,654.0,93.0,13.0,13.0,660.0,100.0
1582,783.0,369.0,13.0,13.0,790.0,376.0
1583,401.0,501.0,13.0,13.0,408.0,508.0
1584,39.0,397.0,13.0,13.0,46.0,404.0
1585,260.0,399.0,13.0,13.0,266.0,406.0
1586,319.0,483.0,13.0,13.0,326.0,490.0
1587,426.0,61.0,13.0,13.0,432.0,68.0
1588,553.0,151.0,13.0,13.0,560.0,158.0
1589,583.0,253.0,13.0,13.0,590.0,260.0
1590,421.0,259.0,13.0,13.0,428.0,266.0
1591,254.0,780.0,13.0,13.0,260.0,786.0
1592,363.0,164.0,13.0,13.0,370.0,170.0
1593,526.0,178.0,13.0,13.0,532.0,184.0
1594,678.0,718.0,13.0,13.0,684.0,724.0
1595,498.0,224.0,13.0,13.0,504.0,230.0
1596,533.0,250.0,13.0,13.0,540.0,256.0
1597,91.0,550.0,13.0,13.0,98.0,556.0
1598,207.0,761.0,13.0,13.0,214.0,768.0
1599,523.0,265.0,13.0,13.0,530.0,272.0
1600,749.0,747.0,13.0,13.0,756.0,754.0
1601,247.0,706.0,13.0,13.0,254.0,712.0
1602,351.0,331.0,13.0,13.0,358.0,338.0
1603,275.0,337.0,13.0,13.0,282.0,344.0
1604,719.0,648.0,13.0,13.0,726.0,654.0
1605,239.0,438.0,13.0,13.0,246.0,444.0
1606,15.0,755.0,13.0,13.0,22.0,762.0
1607,737.0,268.0,14.0,14.0,744.0,275.0
1608,500.0,112.0,14.0,14.0,507.0,119.0
1609,396.0,371.0,14.0,14.0,403.0,378.0
1610,217.0,368.0,14.0,14.0,224.0,375.0
1611,3.0,471.0,14.0,14.0,10.0,478.0
1612,113.0,589.0,14.0,14.0,120.0,596.0
1613,487.0,399.0,14.0,14.0,494.0,406.0
1614,83.0,242.0,14.0,14.0,90.0,249.0
1615,582.0,347.0,14.0,14.0,589.0,354.0
1616,189.0,515.0,14.0,14.0,196.0,522.0
1617,635.0,338.0,14.0,14.0,642.0,345.0
1618,368.0,323.0,14.0,14.0,375.0,330.0
1619,215.0,225.0,14.0,14.0,222.0,232.0
1620,485.0,256.0,14.0,14.0,492.0,263.0
1621,599.0,551.0,14.0,14.0,606.0,558.0
1622,293.0,189.0,14.0,14.0,300.0,196.0
1623,533.0,307.0,14.0,14.0,540.0,314.0
1624,264.0,661.0,14.0,14.0,271.0,668.0
1625,79.0,541.0,14.0,14.0,86.0,548.0
1626,593.0,695.0,14.0,14.0,600.0,702.0
1627,3.0,708.0,14.0,14.0,10.0,715.0
1628,557.0,687.0,14.0,14.0,564.0,694.0
1629,555.0,535.0,14.0,14.0,562.0,542.0
1630,308.0,261.0,14.0,14.0,315.0,268.0
1631,461.0,687.0,14.0,14.0,468.0,694.0
1632,284.0,675.0,14.0,14.0,291.0,682.0
1633,22.0,552.0,14.0,14.0,29.0,559.0
1634,267.0,551.0,14.0,14.0,274.0,558.0
1635,69.0,513.0,14.0,14.0,76.0,520.0
1636,37.0,48.0,14.0,14.0,44.0,55.0
1637,127.0,677.0,14.0,14.0,134.0,684.0
1638,355.0,621.0,14.0,14.0,362.0,628.0
1639,349.0,149.0,14.0,14.0,356.0,156.0
1640,3.0,631.0,14.0,14.0,10.0,638.0
1641,540.0,586.0,15.0,15.0,548.0,594.0
1642,588.0,99.0,15.0,15.0,596.0,106.0
1643,165.0,221.0,15.0,15.0,172.0,228.0
1644,638.0,533.0,15.0,15.0,646.0,540.0
1645,763.0,663.0,15.0,15.0,770.0,670.0
1646,122.0,578.0,15.0,15.0,130.0,586.0
1647,225.0,630.0,15.0,15.0,232.0,638.0
1648,173.0,561.0,15.0,15.0,180.0,568.0
1649,556.0,587.0,15.0,15.0,564.0,594.0
1650,704.0,774.0,15.0,15.0,712.0,782.0
1651,585.0,187.0,15.0,15.0,592.0,194.0
1652,584.0,752.0,15.0,15.0,592.0,760.0
1653,618.0,668.0,15.0,15.0,626.0,676.0
1654,395.0,170.0,15.0,15.0,402.0,178.0
1655,652.0,54.0,15.0,15.0,660.0,62.0
1656,180.0,671.0,15.0,15.0,188.0,678.0
1657,564.0,738.0,15.0,15.0,572.0,746.0
1658,564.0,664.0,15.0,15.0,572.0,672.0
1659,418.0,72.0,15.0,15.0,426.0,80.0
1660,444.0,668.0,15.0,15.0,452.0,676.0
1661,285.0,746.0,15.0,15.0,292.0,754.0
1662,21.0,503.0,16.0,16.0,29.0,511.0
1663,449.0,297.0,16.0,16.0,457.0,305.0
1664,606.0,611.0,16.0,16.0,614.0,619.0
1665,563.0,115.0,16.0,16.0,571.0,123.0
1666,207.0,740.0,16.0,16.0,215.0,748.0
1667,522.0,720.0,16.0,16.0,530.0,728.0
1668,420.0,422.0,16.0,16.0,428.0,430.0
1669,511.0,550.0,16.0,16.0,519.0,558.0
1670,661.0,530.0,16.0,16.0,669.0,538.0
1671,639.0,502.0,16.0,16.0,647.0,510.0
1672,9.0,345.0,16.0,16.0,17.0,353.0
1673,492.0,87.0,16.0,16.0,500.0,95.0
1674,16.0,411.0,16.0,16.0,24.0,419.0
1675,444.0,411.0,16.0,16.0,452.0,419.0
1676,4.0,530.0,16.0,16.0,12.0,538.0
1677,445.0,16.0,16.0,16.0,453.0,24.0
1678,604.0,281.0,16.0,16.0,612.0,289.0
1679,702.0,598.0,16.0,16.0,710.0,606.0
1680,624.0,487.0,16.0,16.0,632.0,495.0
1681,482.0,730.0,16.0,16.0,490.0,738.0
1682,737.0,331.0,16.0,16.0,745.0,339.0
1683,417.0,350.0,16.0,16.0,425.0,358.0
1684,156.0,342.0,16.0,16.0,164.0,350.0
1685,754.0,86.0,16.0,16.0,762.0,94.0
1686,6.0,150.0,16.0,16.0,14.0,158.0
1687,545.0,179.0,16.0,16.0,553.0,187.0
1688,282.0,176.0,16.0,16.0,290.0,184.0
1689,592.0,592.0,16.0,16.0,600.0,600.0
1690,610.0,692.0,16.0,16.0,618.0,700.0
1691,548.0,788.0,16.0,16.0,556.0,796.0
1692,650.0,252.0,16.0,16.0,658.0,260.0
1693,2.0,368.0,17.0,17.0,10.0,376.0
1694,407.0,726.0,17.0,17.0,416.0,734.0
1695,469.0,676.0,17.0,17.0,478.0,684.0
1696,168.0,480.0,17.0,17.0,176.0,488.0
1697,69.0,579.0,17.0,17.0,78.0,588.0
1698,452.0,178.0,17.0,17.0,460.0,186.0
1699,734.0,567.0,17.0,17.0,742.0,576.0
1700,65.0,215.0,17.0,17.0,74.0,224.0
1701,249.0,611.0,17.0,17.0,258.0,620.0
1702,549.0,708.0,17.0,17.0,558.0,716.0
1703,753.0,511.0,18.0,18.0,762.0,520.0
1704,629.0,46.0,18.0,18.0,638.0,55.0
1705,733.0,589.0,18.0,18.0,742.0,598.0
1706,601.0,311.0,18.0,18.0,610.0,320.0
1707,362.0,494.0,18.0,18.0,371.0,503.0
1708,219.0,289.0,18.0,18.0,228.0,298.0
1709,644.0,481.0,18.0,18.0,653.0,490.0
1710,263.0,190.0,18.0,18.0,272.0,199.0
1711,327.0,539.0,18.0,18.0,336.0,548.0
1712,243.0,271.0,18.0,18.0,252.0,280.0
1713,9.0,430.0,18.0,18.0,18.0,439.0
1714,625.0,294.0,18.0,18.0,634.0,303.0
1715,60.0,323.0,18.0,18.0,69.0,332.0
1716,149.0,692.0,18.0,18.0,158.0,701.0
1717,642.0,444.0,19.0,19.0,652.0,454.0
1718,514.0,388.0,19.0,19.0,524.0,398.0
1719,264.0,254.0,19.0,19.0,274.0,264.0
1720,1.0,496.0,19.0,19.0,10.0,506.0
1721,543.0,428.0,19.0,19.0,552.0,438.0
1722,89.0,142.0,19.0,19.0,98.0,152.0
1723,60.0,535.0,20.0,20.0,70.0,545.0
1724,346.0,431.0,20.0,20.0,356.0,441.0
1725,134.0,758.0,20.0,20.0,144.0,768.0
1726,654.0,562.0,20.0,20.0,664.0,572.0
1727,672.0,172.0,20.0,20.0,682.0,182.0
1728,480.0,710.0,20.0,20.0,490.0,720.0
1729,428.0,155.0,20.0,20.0,438.0,165.0
1730,502.0,29.0,20.0,20.0,512.0,39.0
1731,253.0,237.0,20.0,20.0,263.0,247.0
1732,268.0,362.0,20.0,20.0,278.0,372.0
1733,612.0,456.0,20.0,20.0,622.0,466.0
1734,712.0,334.0,20.0,20.0,722.0,344.0
1735,751.0,386.0,20.0,20.0,761.0,396.0
1736,445.0,714.0,21.0,21.0,456.0,724.0
1737,761.0,276.0,21.0,21.0,772.0,286.0
1738,110.0,397.0,21.0,21.0,120.0,408.0
1739,684.0,264.0,21.0,21.0,694.0,274.0
1740,236.0,445.0,21.0,21.0,246.0,456.0
1741,525.0,615.0,21.0,21.0,536.0,626.0
1742,500.0,702.0,22.0,22.0,511.0,713.0
1743,761.0,451.0,22.0,22.0,772.0,462.0
1744,546.0,91.0,22.0,22.0,557.0,102.0
1745,36.0,582.0,22.0,22.0,47.0,593.0
1746,217.0,525.0,22.0,22.0,228.0,536.0
1747,29.0,170.0,22.0,22.0,40.0,181.0
1748,685.0,484.0,22.0,22.0,696.0,495.0
1749,455.0,569.0,22.0,22.0,466.0,580.0
1750,247.0,643.0,22.0,22.0,258.0,654.0
1751,211.0,699.0,22.0,22.0,222.0,710.0
1752,71.0,300.0,22.0,22.0,82.0,311.0
1753,733.0,148.0,22.0,22.0,744.0,159.0
1754,652.0,16.0,23.0,23.0,664.0,28.0
1755,8.0,668.0,23.0,23.0,20.0,680.0
1756,643.0,514.0,23.0,23.0,654.0,526.0
1757,118.0,301.0,23.0,23.0,130.0,312.0
1758,188.0,523.0,23.0,23.0,200.0,534.0
1759,341.0,633.0,24.0,24.0,353.0,645.0
1760,351.0,678.0,24.0,24.0,363.0,690.0
1761,622.0,272.0,24.0,24.0,634.0,284.0
1762,311.0,657.0,24.0,24.0,323.0,669.0
1763,645.0,351.0,24.0,24.0,657.0,363.0
1764,55.0,188.0,24.0,24.0,67.0,200.0
1765,520.0,513.0,24.0,24.0,532.0,525.0
1766,118.0,520.0,24.0,24.0,130.0,532.0
1767,751.0,777.0,24.0,24.0,763.0,789.0
1768,740.0,527.0,24.0,24.0,752.0,539.0
1769,677.0,283.0,24.0,24.0,689.0,295.0
1770,266.0,279.0,24.0,24.0,278.0,291.0
1771,561.0,448.0,24.0,24.0,573.0,460.0
1772,483.0,473.0,24.0,24.0,495.0,485.0
1773,6.0,214.0,24.0,24.0,18.0,226.0
1774,53.0,263.0,24.0,24.0,65.0,275.0
1775,289.0,261.0,24.0,24.0,301.0,273.0
1776,683.0,684.0,26.0,26.0,696.0,697.0
1777,716.0,385.0,26.0,26.0,729.0,398.0
1778,351.0,375.0,26.0,26.0,364.0,388.0
1779,9.0,777.0,26.0,26.0,22.0,790.0
1780,385.0,629.0,26.0,26.0,398.0,642.0
1781,521.0,418.0,26.0,26.0,534.0,431.0
1782,244.0,370.0,26.0,26.0,257.0,383.0
1783,611.0,413.0,28.0,28.0,625.0,427.0
1784,304.0,509.0,28.0,28.0,318.0,523.0
1785,207.0,463.0,28.0,28.0,221.0,477.0
1786,339.0,260.0,29.0,29.0,354.0,274.0
1787,694.0,437.0,30.0,30.0,709.0,452.0
1788,129.0,735.0,30.0,30.0,144.0,750.0
1789,140.0,485.0,30.0,30.0,155.0,500.0
1790,266.0,591.0,31.0,31.0,282.0,606.0
1791,692.0,78.0,33.0,33.0,708.0,94.0
1792,191.0,299.0,34.0,34.0,208.0,316.0
1793,590.0,21.0,34.0,34.0,607.0,38.0
1794,532.0,380.0,34.0,34.0,549.0,397.0
1795,757.0,189.0,35.0,35.0,774.0,206.0
1796,704.0,716.0,36.0,36.0,722.0,734.0
1797,485.0,-4.0,36.0,36.0,503.0,14.0
1798,746.0,629.0,38.0,38.0,765.0,648.0
1799,675.0,739.0,38.0,38.0,694.0,758.0
1800,711.0,182.0,39.0,39.0,730.0,202.0
1801,669.0,364.0,45.0,45.0,692.0,386.0
1802,352.0,196.0,46.0,46.0,375.0,219.0
1803,480.0,630.0,50.0,50.0,505.0,655.0
1804,286.0,540.0,50.0,50.0,311.0,565.0
1805,549.0,286.0,52.0,52.0,575.0,312.0
1806,35.0,380.0,60.0,60.0,65.0,410.0
1807,555.0,594.0,63.0,63.0,586.0,626.0
1808,552.0,645.0,76.0,76.0,590.0,683.0
1809,14.0,713.0,78.0,78.0,53.0,752.0
1810,28.0,281.0,88.0,88.0,72.0,325.0
1811,211.0,289.0,92.0,92.0,257.0,335.0
1812,63.0,579.0,94.0,94.0,110.0,626.0
1813,474.0,526.0,96.0,96.0,522.0,574.0
1814,64.0,426.0,102.0,102.0,115.0,477.0
1815,237.0,647.0,145.0,145.0,310.0,720.0
1816,323.0,471.0,158.0,158.0,402.0,550.0
1817,552.0,47.0,160.0,160.0,632.0,127.0
