ID,X,Y,W,H,C_X,CY
440,452.0,590.0,7.0,7.0,456.0,594.0
441,587.0,532.0,7.0,7.0,590.0,536.0
442,490.0,82.0,7.0,7.0,494.0,86.0
443,438.0,104.0,7.0,7.0,442.0,108.0
444,340.0,82.0,7.0,7.0,344.0,86.0
445,704.0,680.0,7.0,7.0,708.0,684.0
446,606.0,461.0,7.0,7.0,610.0,464.0
447,290.0,0.0,7.0,7.0,294.0,4.0
448,456.0,84.0,7.0,7.0,460.0,88.0
449,477.0,37.0,7.0,7.0,480.0,40.0
450,128.0,740.0,7.0,7.0,132.0,744.0
451,268.0,742.0,7.0,7.0,272.0,746.0
452,92.0,620.0,7.0,7.0,96.0,624.0
453,476.0,8.0,7.0,7.0,480.0,12.0
454,684.0,78.0,7.0,7.0,688.0,82.0
455,768.0,576.0,7.0,7.0,772.0,580.0
456,630.0,662.0,7.0,7.0,634.0,666.0
457,466.0,592.0,7.0,7.0,470.0,596.0
458,585.0,27.0,7.0,7.0,588.0,30.0
459,578.0,588.0,7.0,7.0,582.0,592.0
460,268.0,632.0,7.0,7.0,272.0,636.0
461,98.0,580.0,7.0,7.0,102.0,584.0
462,417.0,181.0,7.0,7.0,420.0,184.0
463,246.0,630.0,7.0,7.0,250.0,634.0
464,36.0,100.0,7.0,7.0,40.0,104.0
465,42.0,634.0,7.0,7.0,46.0,638.0
466,110.0,672.0,7.0,7.0,114.0,676.0
467,722.0,752.0,7.0,7.0,726.0,756.0
468,556.0,100.0,7.0,7.0,560.0,104.0
469,574.0,580.0,7.0,7.0,578.0,584.0
470,378.0,628.0,7.0,7.0,382.0,632.0
471,588.0,96.0,7.0,7.0,592.0,100.0
472,122.0,754.0,7.0,7.0,126.0,758.0
473,128.0,628.0,7.0,7.0,132.0,632.0
474,285.0,655.0,7.0,7.0,288.0,658.0
475,230.0,104.0,7.0,7.0,234.0,108.0
476,544.0,678.0,7.0,7.0,548.0,682.0
477,686.0,88.0,7.0,7.0,690.0,92.0
478,152.0,632.0,7.0,7.0,156.0,636.0
479,216.0,708.0,7.0,7.0,220.0,712.0
480,482.0,84.0,7.0,7.0,486.0,88.0
481,60.0,630.0,7.0,7.0,64.0,634.0
482,170.0,26.0,7.0,7.0,174.0,30.0
483,464.0,72.0,7.0,7.0,468.0,76.0
484,466.0,712.0,7.0,7.0,470.0,716.0
485,662.0,622.0,7.0,7.0,666.0,626.0
486,552.0,257.0,7.0,7.0,556.0,260.0
487,294.0,650.0,7.0,7.0,298.0,654.0
488,552.0,52.0,7.0,7.0,556.0,56.0
489,776.0,714.0,7.0,7.0,780.0,718.0
490,734.0,610.0,7.0,7.0,738.0,614.0
491,78.0,622.0,7.0,7.0,82.0,626.0
492,268.0,724.0,7.0,7.0,272.0,728.0
493,346.0,612.0,7.0,7.0,350.0,616.0
494,624.0,694.0,7.0,7.0,628.0,698.0
495,78.0,614.0,7.0,7.0,82.0,618.0
496,196.0,724.0,7.0,7.0,200.0,728.0
497,254.0,20.0,7.0,7.0,258.0,24.0
498,375.0,333.0,7.0,7.0,378.0,336.0
499,199.0,441.0,7.0,7.0,202.0,444.0
500,50.0,648.0,7.0,7.0,54.0,652.0
501,546.0,52.0,7.0,7.0,550.0,56.0
502,514.0,722.0,7.0,7.0,518.0,726.0
503,750.0,614.0,7.0,7.0,754.0,618.0
504,544.0,16.0,7.0,7.0,548.0,20.0
505,710.0,620.0,7.0,7.0,714.0,624.0
506,340.0,616.0,7.0,7.0,344.0,620.0
507,351.0,481.0,7.0,7.0,354.0,484.0
508,224.0,382.0,7.0,7.0,228.0,386.0
509,260.0,724.0,7.0,7.0,264.0,728.0
510,386.0,54.0,7.0,7.0,390.0,58.0
511,494.0,728.0,7.0,7.0,498.0,732.0
512,206.0,730.0,7.0,7.0,210.0,734.0
513,82.0,662.0,7.0,7.0,86.0,666.0
514,168.0,686.0,7.0,7.0,172.0,690.0
515,310.0,46.0,7.0,7.0,314.0,50.0
516,296.0,38.0,7.0,7.0,300.0,42.0
517,170.0,712.0,7.0,7.0,174.0,716.0
518,226.0,686.0,7.0,7.0,230.0,690.0
519,566.0,70.0,7.0,7.0,570.0,74.0
520,19.0,620.0,7.0,7.0,22.0,624.0
521,456.0,658.0,7.0,7.0,460.0,662.0
522,288.0,638.0,7.0,7.0,292.0,642.0
523,770.0,686.0,7.0,7.0,774.0,690.0
524,546.0,638.0,7.0,7.0,550.0,642.0
525,50.0,688.0,7.0,7.0,54.0,692.0
526,92.0,62.0,7.0,7.0,96.0,66.0
527,52.0,714.0,7.0,7.0,56.0,718.0
528,466.0,546.0,7.0,7.0,470.0,550.0
529,70.0,734.0,7.0,7.0,74.0,738.0
530,762.0,638.0,7.0,7.0,766.0,642.0
531,492.0,656.0,7.0,7.0,496.0,660.0
532,614.0,602.0,7.0,7.0,618.0,606.0
533,636.0,654.0,7.0,7.0,640.0,658.0
534,434.0,582.0,7.0,7.0,438.0,586.0
535,686.0,604.0,7.0,7.0,690.0,608.0
536,526.0,604.0,7.0,7.0,530.0,608.0
537,136.0,690.0,7.0,7.0,140.0,694.0
538,258.0,76.0,7.0,7.0,262.0,80.0
539,152.0,626.0,7.0,7.0,156.0,630.0
540,68.0,428.0,7.0,7.0,72.0,432.0
541,638.0,106.0,7.0,7.0,642.0,110.0
542,706.0,274.0,7.0,7.0,710.0,278.0
543,202.0,280.0,7.0,7.0,206.0,284.0
544,477.0,281.0,7.0,7.0,480.0,284.0
545,374.0,498.0,7.0,7.0,378.0,502.0
546,526.0,494.0,7.0,7.0,530.0,498.0
547,372.0,492.0,7.0,7.0,376.0,496.0
548,642.0,282.0,7.0,7.0,646.0,286.0
549,786.0,281.0,7.0,7.0,790.0,284.0
550,786.0,288.0,7.0,7.0,790.0,292.0
551,320.0,274.0,7.0,7.0,324.0,278.0
552,288.0,288.0,7.0,7.0,292.0,292.0
553,398.0,486.0,7.0,7.0,402.0,490.0
554,686.0,296.0,7.0,7.0,690.0,300.0
555,412.0,484.0,7.0,7.0,416.0,488.0
556,288.0,484.0,7.0,7.0,292.0,488.0
557,612.0,302.0,7.0,7.0,616.0,306.0
558,770.0,302.0,7.0,7.0,774.0,306.0
559,382.0,482.0,7.0,7.0,386.0,486.0
560,244.0,480.0,7.0,7.0,248.0,484.0
561,126.0,478.0,7.0,7.0,130.0,482.0
562,442.0,290.0,7.0,7.0,446.0,294.0
563,78.0,308.0,7.0,7.0,82.0,312.0
564,200.0,500.0,7.0,7.0,204.0,504.0
565,444.0,268.0,7.0,7.0,448.0,272.0
566,462.0,238.0,7.0,7.0,466.0,242.0
567,340.0,240.0,7.0,7.0,344.0,244.0
568,593.0,515.0,7.0,7.0,596.0,518.0
569,480.0,514.0,7.0,7.0,484.0,518.0
570,458.0,514.0,7.0,7.0,462.0,518.0
571,504.0,512.0,7.0,7.0,508.0,516.0
572,714.0,250.0,7.0,7.0,718.0,254.0
573,756.0,510.0,7.0,7.0,760.0,514.0
574,578.0,254.0,7.0,7.0,582.0,258.0
575,148.0,500.0,7.0,7.0,152.0,504.0
576,738.0,508.0,7.0,7.0,742.0,512.0
577,392.0,262.0,7.0,7.0,396.0,266.0
578,360.0,506.0,7.0,7.0,364.0,510.0
579,354.0,258.0,7.0,7.0,358.0,262.0
580,671.0,506.0,7.0,7.0,674.0,510.0
581,320.0,574.0,7.0,7.0,324.0,578.0
582,758.0,504.0,7.0,7.0,762.0,508.0
583,378.0,262.0,7.0,7.0,382.0,266.0
584,32.0,502.0,7.0,7.0,36.0,506.0
585,394.0,256.0,7.0,7.0,398.0,260.0
586,580.0,518.0,7.0,7.0,584.0,522.0
587,502.0,308.0,7.0,7.0,506.0,312.0
588,244.0,474.0,7.0,7.0,248.0,478.0
589,504.0,362.0,7.0,7.0,508.0,366.0
590,448.0,659.0,7.0,7.0,452.0,662.0
591,619.0,376.0,7.0,7.0,622.0,380.0
592,684.0,378.0,7.0,7.0,688.0,382.0
593,288.0,370.0,7.0,7.0,292.0,374.0
594,500.0,370.0,7.0,7.0,504.0,374.0
595,392.0,374.0,7.0,7.0,396.0,378.0
596,718.0,374.0,7.0,7.0,722.0,378.0
597,120.0,390.0,7.0,7.0,124.0,394.0
598,200.0,358.0,7.0,7.0,204.0,362.0
599,556.0,440.0,7.0,7.0,560.0,444.0
600,146.0,396.0,7.0,7.0,150.0,400.0
601,46.0,398.0,7.0,7.0,50.0,402.0
602,786.0,400.0,7.0,7.0,790.0,404.0
603,270.0,400.0,7.0,7.0,274.0,404.0
604,642.0,404.0,7.0,7.0,646.0,408.0
605,404.0,410.0,7.0,7.0,408.0,414.0
606,526.0,420.0,7.0,7.0,530.0,424.0
607,426.0,424.0,7.0,7.0,430.0,428.0
608,140.0,396.0,7.0,7.0,144.0,400.0
609,546.0,308.0,7.0,7.0,550.0,312.0
610,488.0,358.0,7.0,7.0,492.0,362.0
611,1.0,621.0,7.0,7.0,4.0,624.0
612,790.0,322.0,7.0,7.0,794.0,326.0
613,510.0,326.0,7.0,7.0,514.0,330.0
614,278.0,468.0,7.0,7.0,282.0,472.0
615,-1.0,760.0,6.0,6.0,2.0,764.0
616,568.0,328.0,7.0,7.0,572.0,332.0
617,656.0,328.0,7.0,7.0,660.0,332.0
618,742.0,464.0,7.0,7.0,746.0,468.0
619,126.0,329.0,7.0,7.0,130.0,332.0
620,726.0,332.0,7.0,7.0,730.0,336.0
621,748.0,338.0,7.0,7.0,752.0,342.0
622,72.0,346.0,7.0,7.0,76.0,350.0
623,478.0,348.0,7.0,7.0,482.0,352.0
624,406.0,456.0,7.0,7.0,410.0,460.0
625,82.0,456.0,7.0,7.0,86.0,460.0
626,195.0,513.0,7.0,7.0,198.0,516.0
627,526.0,452.0,7.0,7.0,530.0,456.0
628,408.0,354.0,7.0,7.0,412.0,358.0
629,18.0,338.0,7.0,7.0,22.0,342.0
630,310.0,236.0,7.0,7.0,314.0,240.0
631,430.0,260.0,7.0,7.0,434.0,264.0
632,562.0,148.0,7.0,7.0,566.0,152.0
633,568.0,534.0,7.0,7.0,572.0,538.0
634,432.0,190.0,7.0,7.0,436.0,194.0
635,758.0,128.0,7.0,7.0,762.0,132.0
636,208.0,790.0,7.0,7.0,212.0,794.0
637,220.0,188.0,7.0,7.0,224.0,192.0
638,2.0,188.0,7.0,7.0,6.0,192.0
639,645.0,675.0,7.0,7.0,648.0,678.0
640,448.0,132.0,7.0,7.0,452.0,136.0
641,600.0,184.0,7.0,7.0,604.0,188.0
642,170.0,560.0,7.0,7.0,174.0,564.0
643,500.0,184.0,7.0,7.0,504.0,188.0
644,565.0,141.0,7.0,7.0,568.0,144.0
645,372.0,180.0,7.0,7.0,376.0,184.0
646,120.0,136.0,7.0,7.0,124.0,140.0
647,540.0,534.0,7.0,7.0,544.0,538.0
648,506.0,786.0,7.0,7.0,510.0,790.0
649,482.0,138.0,7.0,7.0,486.0,142.0
650,22.0,176.0,7.0,7.0,26.0,180.0
651,554.0,229.0,7.0,7.0,558.0,232.0
652,720.0,544.0,7.0,7.0,724.0,548.0
653,22.0,168.0,7.0,7.0,26.0,172.0
654,382.0,546.0,7.0,7.0,386.0,550.0
655,238.0,164.0,7.0,7.0,242.0,168.0
656,597.0,479.0,7.0,7.0,600.0,482.0
657,608.0,548.0,7.0,7.0,612.0,552.0
658,788.0,776.0,7.0,7.0,792.0,780.0
659,748.0,548.0,7.0,7.0,752.0,552.0
660,502.0,552.0,7.0,7.0,506.0,556.0
661,462.0,152.0,7.0,7.0,466.0,156.0
662,0.0,150.0,7.0,7.0,4.0,154.0
663,390.0,786.0,7.0,7.0,394.0,790.0
664,72.0,770.0,7.0,7.0,76.0,774.0
665,610.0,776.0,7.0,7.0,614.0,780.0
666,726.0,196.0,7.0,7.0,730.0,200.0
667,362.0,520.0,7.0,7.0,366.0,524.0
668,558.0,106.0,7.0,7.0,562.0,110.0
669,792.0,572.0,7.0,7.0,796.0,576.0
670,290.0,228.0,7.0,7.0,294.0,232.0
671,544.0,110.0,7.0,7.0,548.0,114.0
672,268.0,570.0,7.0,7.0,272.0,574.0
673,622.0,226.0,7.0,7.0,626.0,230.0
674,342.0,762.0,7.0,7.0,346.0,766.0
675,636.0,762.0,7.0,7.0,640.0,766.0
676,214.0,222.0,7.0,7.0,218.0,226.0
677,254.0,216.0,7.0,7.0,258.0,220.0
678,722.0,192.0,7.0,7.0,726.0,196.0
679,236.0,526.0,7.0,7.0,240.0,530.0
680,450.0,564.0,7.0,7.0,454.0,568.0
681,412.0,214.0,7.0,7.0,416.0,218.0
682,456.0,534.0,7.0,7.0,460.0,538.0
683,512.0,530.0,7.0,7.0,516.0,534.0
684,668.0,198.0,7.0,7.0,672.0,202.0
685,-0.0,792.0,6.0,6.0,3.0,796.0
686,329.0,680.0,8.0,8.0,333.0,684.0
687,6.0,689.0,8.0,8.0,10.0,693.0
688,206.0,442.0,8.0,8.0,210.0,446.0
689,558.0,774.0,8.0,8.0,562.0,778.0
690,275.0,768.0,8.0,8.0,279.0,772.0
691,472.0,674.0,8.0,8.0,476.0,678.0
692,184.0,764.0,8.0,8.0,188.0,768.0
693,407.0,676.0,8.0,8.0,411.0,680.0
694,355.0,681.0,8.0,8.0,359.0,685.0
695,739.0,627.0,8.0,8.0,743.0,631.0
696,559.0,693.0,8.0,8.0,563.0,697.0
697,329.0,768.0,8.0,8.0,333.0,772.0
698,173.0,164.0,8.0,8.0,177.0,168.0
699,555.0,689.0,8.0,8.0,559.0,693.0
700,784.0,752.0,8.0,8.0,788.0,756.0
701,520.0,685.0,8.0,8.0,524.0,689.0
702,79.0,750.0,8.0,8.0,83.0,754.0
703,744.0,750.0,8.0,8.0,748.0,754.0
704,462.0,766.0,8.0,8.0,466.0,770.0
705,186.0,770.0,8.0,8.0,190.0,774.0
706,466.0,678.0,8.0,8.0,470.0,682.0
707,627.0,754.0,8.0,8.0,631.0,758.0
708,632.0,748.0,8.0,8.0,636.0,752.0
709,24.0,767.0,8.0,8.0,28.0,771.0
710,789.0,764.0,8.0,8.0,793.0,768.0
711,133.0,129.0,8.0,8.0,137.0,133.0
712,580.0,693.0,8.0,8.0,584.0,697.0
713,463.0,749.0,8.0,8.0,467.0,753.0
714,529.0,772.0,8.0,8.0,533.0,776.0
715,727.0,747.0,8.0,8.0,731.0,751.0
716,779.0,747.0,8.0,8.0,783.0,751.0
717,262.0,776.0,8.0,8.0,266.0,780.0
718,778.0,218.0,8.0,8.0,782.0,222.0
719,345.0,718.0,8.0,8.0,349.0,722.0
720,479.0,780.0,8.0,8.0,483.0,784.0
721,205.0,484.0,8.0,8.0,209.0,488.0
722,212.0,476.0,8.0,8.0,216.0,480.0
723,65.0,706.0,8.0,8.0,69.0,710.0
724,172.0,730.0,8.0,8.0,176.0,734.0
725,712.0,377.0,8.0,8.0,716.0,381.0
726,698.0,728.0,8.0,8.0,702.0,732.0
727,65.0,712.0,8.0,8.0,69.0,716.0
728,450.0,792.0,8.0,8.0,454.0,796.0
729,196.0,710.0,8.0,8.0,200.0,714.0
730,18.0,793.0,8.0,8.0,22.0,797.0
731,622.0,792.0,8.0,8.0,626.0,796.0
732,740.0,712.0,8.0,8.0,744.0,716.0
733,146.0,725.0,8.0,8.0,150.0,729.0
734,312.0,12.0,8.0,8.0,316.0,16.0
735,400.0,22.0,8.0,8.0,404.0,26.0
736,82.0,724.0,8.0,8.0,86.0,728.0
737,756.0,226.0,8.0,8.0,760.0,230.0
738,562.0,721.0,8.0,8.0,566.0,725.0
739,370.0,74.0,8.0,8.0,374.0,78.0
740,588.0,88.0,8.0,8.0,592.0,92.0
741,642.0,715.0,8.0,8.0,646.0,719.0
742,655.0,715.0,8.0,8.0,659.0,719.0
743,730.0,200.0,8.0,8.0,734.0,204.0
744,38.0,791.0,8.0,8.0,42.0,795.0
745,510.0,791.0,8.0,8.0,514.0,795.0
746,649.0,788.0,8.0,8.0,653.0,792.0
747,794.0,523.0,8.0,8.0,798.0,527.0
748,432.0,782.0,8.0,8.0,436.0,786.0
749,538.0,694.0,8.0,8.0,542.0,698.0
750,488.0,783.0,8.0,8.0,492.0,787.0
751,629.0,631.0,8.0,8.0,633.0,635.0
752,701.0,618.0,8.0,8.0,705.0,622.0
753,286.0,696.0,8.0,8.0,290.0,700.0
754,443.0,696.0,8.0,8.0,447.0,700.0
755,532.0,696.0,8.0,8.0,536.0,700.0
756,98.0,609.0,8.0,8.0,102.0,613.0
757,223.0,740.0,8.0,8.0,227.0,744.0
758,151.0,744.0,8.0,8.0,155.0,748.0
759,556.0,592.0,8.0,8.0,560.0,596.0
760,793.0,590.0,8.0,8.0,797.0,594.0
761,606.0,564.0,8.0,8.0,610.0,568.0
762,547.0,556.0,8.0,8.0,551.0,560.0
763,693.0,736.0,8.0,8.0,697.0,740.0
764,286.0,702.0,8.0,8.0,290.0,706.0
765,596.0,700.0,8.0,8.0,600.0,704.0
766,244.0,788.0,8.0,8.0,248.0,792.0
767,688.0,542.0,8.0,8.0,692.0,546.0
768,202.0,701.0,8.0,8.0,206.0,705.0
769,186.0,736.0,8.0,8.0,190.0,740.0
770,272.0,704.0,8.0,8.0,276.0,708.0
771,306.0,786.0,8.0,8.0,310.0,790.0
772,794.0,696.0,8.0,8.0,798.0,700.0
773,153.0,0.0,8.0,8.0,157.0,4.0
774,208.0,335.0,8.0,8.0,212.0,339.0
775,722.0,336.0,8.0,8.0,726.0,340.0
776,574.0,541.0,8.0,8.0,578.0,545.0
777,778.0,542.0,8.0,8.0,782.0,546.0
778,772.0,334.0,8.0,8.0,776.0,338.0
779,196.0,548.0,8.0,8.0,200.0,552.0
780,229.0,332.0,8.0,8.0,233.0,336.0
781,396.0,330.0,8.0,8.0,400.0,334.0
782,3.0,330.0,8.0,8.0,7.0,334.0
783,348.0,337.0,8.0,8.0,352.0,341.0
784,302.0,551.0,8.0,8.0,306.0,555.0
785,58.0,322.0,8.0,8.0,62.0,326.0
786,206.0,552.0,8.0,8.0,210.0,556.0
787,685.0,317.0,8.0,8.0,689.0,321.0
788,467.0,316.0,8.0,8.0,471.0,320.0
789,41.0,315.0,8.0,8.0,45.0,319.0
790,369.0,312.0,8.0,8.0,373.0,316.0
791,136.0,312.0,8.0,8.0,140.0,316.0
792,225.0,308.0,8.0,8.0,229.0,312.0
793,677.0,324.0,8.0,8.0,681.0,328.0
794,250.0,542.0,8.0,8.0,254.0,546.0
795,414.0,542.0,8.0,8.0,418.0,546.0
796,452.0,539.0,8.0,8.0,456.0,543.0
797,266.0,526.0,8.0,8.0,270.0,530.0
798,556.0,527.0,8.0,8.0,560.0,531.0
799,712.0,356.0,8.0,8.0,716.0,360.0
800,754.0,352.0,8.0,8.0,758.0,356.0
801,73.0,532.0,8.0,8.0,77.0,536.0
802,0.0,350.0,8.0,8.0,4.0,354.0
803,274.0,350.0,8.0,8.0,278.0,354.0
804,26.0,536.0,8.0,8.0,30.0,540.0
805,119.0,346.0,8.0,8.0,123.0,350.0
806,282.0,536.0,8.0,8.0,286.0,540.0
807,507.0,345.0,8.0,8.0,511.0,349.0
808,792.0,537.0,8.0,8.0,796.0,541.0
809,671.0,344.0,8.0,8.0,675.0,348.0
810,192.0,343.0,8.0,8.0,196.0,347.0
811,532.0,343.0,8.0,8.0,536.0,347.0
812,782.0,341.0,8.0,8.0,786.0,345.0
813,254.0,342.0,8.0,8.0,258.0,346.0
814,158.0,342.0,8.0,8.0,162.0,346.0
815,441.0,341.0,8.0,8.0,445.0,345.0
816,401.0,304.0,8.0,8.0,405.0,308.0
817,103.0,558.0,8.0,8.0,107.0,562.0
818,289.0,305.0,8.0,8.0,293.0,309.0
819,94.0,305.0,8.0,8.0,98.0,309.0
820,280.0,264.0,8.0,8.0,284.0,268.0
821,114.0,573.0,8.0,8.0,118.0,577.0
822,707.0,263.0,8.0,8.0,711.0,267.0
823,387.0,574.0,8.0,8.0,391.0,578.0
824,146.0,263.0,8.0,8.0,150.0,267.0
825,365.0,260.0,8.0,8.0,369.0,264.0
826,616.0,575.0,8.0,8.0,620.0,579.0
827,42.0,579.0,8.0,8.0,46.0,583.0
828,618.0,254.0,8.0,8.0,622.0,258.0
829,593.0,447.0,8.0,8.0,597.0,451.0
830,480.0,246.0,8.0,8.0,484.0,250.0
831,8.0,237.0,8.0,8.0,12.0,241.0
832,94.0,234.0,8.0,8.0,98.0,238.0
833,208.0,230.0,8.0,8.0,212.0,234.0
834,403.0,582.0,8.0,8.0,407.0,586.0
835,737.0,581.0,8.0,8.0,741.0,585.0
836,48.0,583.0,8.0,8.0,52.0,587.0
837,457.0,228.0,8.0,8.0,461.0,232.0
838,616.0,266.0,8.0,8.0,620.0,270.0
839,204.0,524.0,8.0,8.0,208.0,528.0
840,728.0,265.0,8.0,8.0,732.0,269.0
841,590.0,267.0,8.0,8.0,594.0,271.0
842,714.0,304.0,8.0,8.0,718.0,308.0
843,658.0,559.0,8.0,8.0,662.0,563.0
844,540.0,559.0,8.0,8.0,544.0,563.0
845,392.0,300.0,8.0,8.0,396.0,304.0
846,164.0,298.0,8.0,8.0,168.0,302.0
847,157.0,562.0,8.0,8.0,161.0,566.0
848,420.0,294.0,8.0,8.0,424.0,298.0
849,240.0,290.0,8.0,8.0,244.0,294.0
850,235.0,562.0,8.0,8.0,239.0,566.0
851,133.0,289.0,8.0,8.0,137.0,293.0
852,455.0,287.0,8.0,8.0,459.0,291.0
853,489.0,564.0,8.0,8.0,493.0,568.0
854,380.0,287.0,8.0,8.0,384.0,291.0
855,617.0,286.0,8.0,8.0,621.0,290.0
856,610.0,286.0,8.0,8.0,614.0,290.0
857,672.0,283.0,8.0,8.0,676.0,287.0
858,578.0,281.0,8.0,8.0,582.0,285.0
859,458.0,280.0,8.0,8.0,462.0,284.0
860,515.0,569.0,8.0,8.0,519.0,573.0
861,316.0,268.0,8.0,8.0,320.0,272.0
862,396.0,221.0,8.0,8.0,400.0,225.0
863,287.0,524.0,8.0,8.0,291.0,528.0
864,666.0,362.0,8.0,8.0,670.0,366.0
865,694.0,474.0,8.0,8.0,698.0,478.0
866,564.0,429.0,8.0,8.0,568.0,433.0
867,706.0,429.0,8.0,8.0,710.0,433.0
868,530.0,428.0,8.0,8.0,534.0,432.0
869,143.0,429.0,8.0,8.0,147.0,433.0
870,79.0,428.0,8.0,8.0,83.0,432.0
871,641.0,477.0,8.0,8.0,645.0,481.0
872,710.0,423.0,8.0,8.0,714.0,427.0
873,88.0,473.0,8.0,8.0,92.0,477.0
874,369.0,478.0,8.0,8.0,373.0,482.0
875,382.0,420.0,8.0,8.0,386.0,424.0
876,783.0,417.0,8.0,8.0,787.0,421.0
877,739.0,417.0,8.0,8.0,743.0,421.0
878,692.0,414.0,8.0,8.0,696.0,418.0
879,573.0,482.0,8.0,8.0,577.0,486.0
880,652.0,413.0,8.0,8.0,656.0,417.0
881,158.0,413.0,8.0,8.0,162.0,417.0
882,658.0,412.0,8.0,8.0,662.0,416.0
883,442.0,421.0,8.0,8.0,446.0,425.0
884,4.0,430.0,8.0,8.0,8.0,434.0
885,539.0,430.0,8.0,8.0,543.0,434.0
886,368.0,432.0,8.0,8.0,372.0,436.0
887,314.0,448.0,8.0,8.0,318.0,452.0
888,121.0,446.0,8.0,8.0,125.0,450.0
889,790.0,450.0,8.0,8.0,794.0,454.0
890,172.0,446.0,8.0,8.0,176.0,450.0
891,444.0,444.0,8.0,8.0,448.0,448.0
892,720.0,444.0,8.0,8.0,724.0,448.0
893,364.0,453.0,8.0,8.0,368.0,457.0
894,490.0,443.0,8.0,8.0,494.0,447.0
895,775.0,442.0,8.0,8.0,779.0,446.0
896,543.0,456.0,8.0,8.0,547.0,460.0
897,534.0,437.0,8.0,8.0,538.0,441.0
898,52.0,459.0,8.0,8.0,56.0,463.0
899,354.0,434.0,8.0,8.0,358.0,438.0
900,346.0,462.0,8.0,8.0,350.0,466.0
901,655.0,434.0,8.0,8.0,659.0,438.0
902,303.0,464.0,8.0,8.0,307.0,468.0
903,296.0,465.0,8.0,8.0,300.0,469.0
904,416.0,465.0,8.0,8.0,420.0,469.0
905,670.0,466.0,8.0,8.0,674.0,470.0
906,236.0,410.0,8.0,8.0,240.0,414.0
907,608.0,408.0,8.0,8.0,612.0,412.0
908,777.0,407.0,8.0,8.0,781.0,411.0
909,536.0,489.0,8.0,8.0,540.0,493.0
910,620.0,507.0,8.0,8.0,624.0,511.0
911,731.0,507.0,8.0,8.0,735.0,511.0
912,22.0,376.0,8.0,8.0,26.0,380.0
913,224.0,511.0,8.0,8.0,228.0,515.0
914,542.0,514.0,8.0,8.0,546.0,518.0
915,739.0,374.0,8.0,8.0,743.0,378.0
916,534.0,514.0,8.0,8.0,538.0,518.0
917,686.0,372.0,8.0,8.0,690.0,376.0
918,256.0,372.0,8.0,8.0,260.0,376.0
919,683.0,515.0,8.0,8.0,687.0,519.0
920,358.0,371.0,8.0,8.0,362.0,375.0
921,180.0,518.0,8.0,8.0,184.0,522.0
922,10.0,370.0,8.0,8.0,14.0,374.0
923,621.0,369.0,8.0,8.0,625.0,373.0
924,260.0,520.0,8.0,8.0,264.0,524.0
925,16.0,369.0,8.0,8.0,20.0,373.0
926,224.0,369.0,8.0,8.0,228.0,373.0
927,74.0,366.0,8.0,8.0,78.0,370.0
928,690.0,364.0,8.0,8.0,694.0,368.0
929,692.0,380.0,8.0,8.0,696.0,384.0
930,298.0,360.0,8.0,8.0,302.0,364.0
931,779.0,382.0,8.0,8.0,783.0,386.0
932,709.0,505.0,8.0,8.0,713.0,509.0
933,469.0,490.0,8.0,8.0,473.0,494.0
934,653.0,492.0,8.0,8.0,657.0,496.0
935,775.0,494.0,8.0,8.0,779.0,498.0
936,206.0,494.0,8.0,8.0,210.0,498.0
937,743.0,495.0,8.0,8.0,747.0,499.0
938,217.0,495.0,8.0,8.0,221.0,499.0
939,296.0,399.0,8.0,8.0,300.0,403.0
940,660.0,496.0,8.0,8.0,664.0,500.0
941,424.0,497.0,8.0,8.0,428.0,501.0
942,290.0,398.0,8.0,8.0,294.0,402.0
943,191.0,497.0,8.0,8.0,195.0,501.0
944,630.0,397.0,8.0,8.0,634.0,401.0
945,240.0,392.0,8.0,8.0,244.0,396.0
946,771.0,499.0,8.0,8.0,775.0,503.0
947,100.0,388.0,8.0,8.0,104.0,392.0
948,678.0,386.0,8.0,8.0,682.0,390.0
949,524.0,501.0,8.0,8.0,528.0,505.0
950,735.0,502.0,8.0,8.0,739.0,506.0
951,366.0,383.0,8.0,8.0,370.0,387.0
952,242.0,505.0,8.0,8.0,246.0,509.0
953,760.0,220.0,8.0,8.0,764.0,224.0
954,358.0,579.0,8.0,8.0,362.0,583.0
955,606.0,585.0,8.0,8.0,610.0,589.0
956,426.0,637.0,8.0,8.0,430.0,641.0
957,525.0,68.0,8.0,8.0,529.0,72.0
958,289.0,68.0,8.0,8.0,293.0,72.0
959,217.0,637.0,8.0,8.0,221.0,641.0
960,154.0,641.0,8.0,8.0,158.0,645.0
961,70.0,64.0,8.0,8.0,74.0,68.0
962,570.0,62.0,8.0,8.0,574.0,66.0
963,528.0,641.0,8.0,8.0,532.0,645.0
964,484.0,642.0,8.0,8.0,488.0,646.0
965,545.0,62.0,8.0,8.0,549.0,66.0
966,5.0,61.0,8.0,8.0,9.0,65.0
967,742.0,60.0,8.0,8.0,746.0,64.0
968,675.0,643.0,8.0,8.0,679.0,647.0
969,265.0,643.0,8.0,8.0,269.0,647.0
970,463.0,644.0,8.0,8.0,467.0,648.0
971,742.0,643.0,8.0,8.0,746.0,647.0
972,708.0,57.0,8.0,8.0,712.0,61.0
973,484.0,56.0,8.0,8.0,488.0,60.0
974,133.0,52.0,8.0,8.0,137.0,56.0
975,564.0,636.0,8.0,8.0,568.0,640.0
976,309.0,636.0,8.0,8.0,313.0,640.0
977,511.0,69.0,8.0,8.0,515.0,73.0
978,741.0,636.0,8.0,8.0,745.0,640.0
979,501.0,108.0,8.0,8.0,505.0,112.0
980,626.0,105.0,8.0,8.0,630.0,109.0
981,83.0,626.0,8.0,8.0,87.0,630.0
982,226.0,99.0,8.0,8.0,230.0,103.0
983,290.0,626.0,8.0,8.0,294.0,630.0
984,172.0,100.0,8.0,8.0,176.0,104.0
985,254.0,585.0,8.0,8.0,258.0,589.0
986,58.0,98.0,8.0,8.0,62.0,102.0
987,158.0,95.0,8.0,8.0,162.0,99.0
988,776.0,52.0,8.0,8.0,780.0,56.0
989,614.0,95.0,8.0,8.0,618.0,99.0
990,653.0,88.0,8.0,8.0,657.0,92.0
991,745.0,85.0,8.0,8.0,749.0,89.0
992,404.0,84.0,8.0,8.0,408.0,88.0
993,508.0,634.0,8.0,8.0,512.0,638.0
994,551.0,634.0,8.0,8.0,555.0,638.0
995,395.0,82.0,8.0,8.0,399.0,86.0
996,202.0,76.0,8.0,8.0,206.0,80.0
997,491.0,72.0,8.0,8.0,495.0,76.0
998,670.0,634.0,8.0,8.0,674.0,638.0
999,430.0,93.0,8.0,8.0,434.0,97.0
1000,428.0,626.0,8.0,8.0,432.0,630.0
1001,386.0,648.0,8.0,8.0,390.0,652.0
1002,580.0,647.0,8.0,8.0,584.0,651.0
1003,134.0,29.0,8.0,8.0,138.0,33.0
1004,427.0,25.0,8.0,8.0,431.0,29.0
1005,603.0,24.0,8.0,8.0,607.0,28.0
1006,634.0,23.0,8.0,8.0,638.0,27.0
1007,61.0,20.0,8.0,8.0,65.0,24.0
1008,773.0,667.0,8.0,8.0,777.0,671.0
1009,263.0,12.0,8.0,8.0,267.0,16.0
1010,130.0,667.0,8.0,8.0,134.0,671.0
1011,430.0,10.0,8.0,8.0,434.0,14.0
1012,274.0,668.0,8.0,8.0,278.0,672.0
1013,342.0,668.0,8.0,8.0,346.0,672.0
1014,336.0,668.0,8.0,8.0,340.0,672.0
1015,590.0,7.0,8.0,8.0,594.0,11.0
1016,303.0,6.0,8.0,8.0,307.0,10.0
1017,400.0,2.0,8.0,8.0,404.0,6.0
1018,180.0,671.0,8.0,8.0,184.0,675.0
1019,624.0,0.0,8.0,8.0,628.0,4.0
1020,208.0,673.0,8.0,8.0,212.0,677.0
1021,730.0,672.0,8.0,8.0,734.0,676.0
1022,408.0,664.0,8.0,8.0,412.0,668.0
1023,146.0,32.0,8.0,8.0,150.0,36.0
1024,278.0,32.0,8.0,8.0,282.0,36.0
1025,431.0,32.0,8.0,8.0,435.0,36.0
1026,133.0,652.0,8.0,8.0,137.0,656.0
1027,182.0,652.0,8.0,8.0,186.0,656.0
1028,676.0,51.0,8.0,8.0,680.0,55.0
1029,223.0,652.0,8.0,8.0,227.0,656.0
1030,478.0,42.0,8.0,8.0,482.0,46.0
1031,269.0,43.0,8.0,8.0,273.0,47.0
1032,71.0,40.0,8.0,8.0,75.0,44.0
1033,269.0,653.0,8.0,8.0,273.0,657.0
1034,310.0,654.0,8.0,8.0,314.0,658.0
1035,572.0,647.0,8.0,8.0,576.0,651.0
1036,118.0,655.0,8.0,8.0,122.0,659.0
1037,429.0,656.0,8.0,8.0,433.0,660.0
1038,561.0,658.0,8.0,8.0,565.0,662.0
1039,413.0,658.0,8.0,8.0,417.0,662.0
1040,764.0,38.0,8.0,8.0,768.0,42.0
1041,470.0,40.0,8.0,8.0,474.0,44.0
1042,384.0,660.0,8.0,8.0,388.0,664.0
1043,322.0,37.0,8.0,8.0,326.0,41.0
1044,681.0,36.0,8.0,8.0,685.0,40.0
1045,739.0,34.0,8.0,8.0,743.0,38.0
1046,420.0,656.0,8.0,8.0,424.0,660.0
1047,444.0,114.0,8.0,8.0,448.0,118.0
1048,567.0,98.0,8.0,8.0,571.0,102.0
1049,346.0,172.0,8.0,8.0,350.0,176.0
1050,466.0,600.0,8.0,8.0,470.0,604.0
1051,95.0,178.0,8.0,8.0,99.0,182.0
1052,713.0,176.0,8.0,8.0,717.0,180.0
1053,350.0,601.0,8.0,8.0,354.0,605.0
1054,596.0,176.0,8.0,8.0,600.0,180.0
1055,589.0,176.0,8.0,8.0,593.0,180.0
1056,479.0,602.0,8.0,8.0,483.0,606.0
1057,104.0,180.0,8.0,8.0,108.0,184.0
1058,718.0,602.0,8.0,8.0,722.0,606.0
1059,132.0,172.0,8.0,8.0,136.0,176.0
1060,654.0,172.0,8.0,8.0,658.0,176.0
1061,419.0,167.0,8.0,8.0,423.0,171.0
1062,638.0,166.0,8.0,8.0,642.0,170.0
1063,32.0,162.0,8.0,8.0,36.0,166.0
1064,438.0,159.0,8.0,8.0,442.0,163.0
1065,582.0,607.0,8.0,8.0,586.0,611.0
1066,111.0,604.0,8.0,8.0,115.0,608.0
1067,178.0,600.0,8.0,8.0,182.0,604.0
1068,618.0,598.0,8.0,8.0,622.0,602.0
1069,556.0,185.0,8.0,8.0,560.0,189.0
1070,166.0,220.0,8.0,8.0,170.0,224.0
1071,262.0,586.0,8.0,8.0,266.0,590.0
1072,390.0,213.0,8.0,8.0,394.0,217.0
1073,293.0,587.0,8.0,8.0,297.0,591.0
1074,241.0,589.0,8.0,8.0,245.0,593.0
1075,311.0,588.0,8.0,8.0,315.0,592.0
1076,506.0,207.0,8.0,8.0,510.0,211.0
1077,534.0,204.0,8.0,8.0,538.0,208.0
1078,92.0,591.0,8.0,8.0,96.0,595.0
1079,230.0,204.0,8.0,8.0,234.0,208.0
1080,187.0,202.0,8.0,8.0,191.0,206.0
1081,16.0,196.0,8.0,8.0,20.0,200.0
1082,604.0,195.0,8.0,8.0,608.0,199.0
1083,360.0,193.0,8.0,8.0,364.0,197.0
1084,132.0,187.0,8.0,8.0,136.0,191.0
1085,607.0,186.0,8.0,8.0,611.0,190.0
1086,260.0,598.0,8.0,8.0,264.0,602.0
1087,445.0,158.0,8.0,8.0,449.0,162.0
1088,204.0,157.0,8.0,8.0,208.0,161.0
1089,166.0,448.0,8.0,8.0,170.0,452.0
1090,644.0,622.0,8.0,8.0,648.0,626.0
1091,296.0,622.0,8.0,8.0,300.0,626.0
1092,191.0,122.0,8.0,8.0,195.0,126.0
1093,608.0,136.0,8.0,8.0,612.0,140.0
1094,253.0,614.0,8.0,8.0,257.0,618.0
1095,71.0,120.0,8.0,8.0,75.0,124.0
1096,461.0,135.0,8.0,8.0,465.0,139.0
1097,252.0,139.0,8.0,8.0,256.0,143.0
1098,111.0,136.0,8.0,8.0,115.0,140.0
1099,288.0,120.0,8.0,8.0,292.0,124.0
1100,303.0,121.0,8.0,8.0,307.0,125.0
1101,378.0,121.0,8.0,8.0,382.0,125.0
1102,264.0,609.0,8.0,8.0,268.0,613.0
1103,757.0,148.0,8.0,8.0,761.0,152.0
1104,469.0,150.0,8.0,8.0,473.0,154.0
1105,236.0,127.0,8.0,8.0,240.0,131.0
1106,464.0,126.0,8.0,8.0,468.0,130.0
1107,202.0,126.0,8.0,8.0,206.0,130.0
1108,226.0,122.0,8.0,8.0,230.0,126.0
1109,288.0,609.0,8.0,8.0,292.0,613.0
1110,585.0,612.0,8.0,8.0,589.0,616.0
1111,331.0,201.0,9.0,9.0,336.0,206.0
1112,653.0,203.0,9.0,9.0,658.0,208.0
1113,207.0,121.0,9.0,9.0,212.0,126.0
1114,101.0,339.0,9.0,9.0,106.0,344.0
1115,279.0,23.0,9.0,9.0,284.0,28.0
1116,725.0,11.0,9.0,9.0,730.0,16.0
1117,325.0,307.0,9.0,9.0,330.0,312.0
1118,195.0,249.0,9.0,9.0,200.0,254.0
1119,703.0,9.0,9.0,9.0,708.0,14.0
1120,253.0,241.0,9.0,9.0,258.0,246.0
1121,413.0,103.0,9.0,9.0,418.0,108.0
1122,445.0,235.0,9.0,9.0,450.0,240.0
1123,155.0,347.0,9.0,9.0,160.0,352.0
1124,57.0,5.0,9.0,9.0,62.0,10.0
1125,704.0,491.0,9.0,9.0,708.0,496.0
1126,137.0,213.0,9.0,9.0,142.0,218.0
1127,511.0,223.0,9.0,9.0,516.0,228.0
1128,579.0,111.0,9.0,9.0,584.0,116.0
1129,447.0,662.0,9.0,9.0,452.0,666.0
1130,569.0,11.0,9.0,9.0,574.0,16.0
1131,57.0,31.0,9.0,9.0,62.0,36.0
1132,35.0,133.0,9.0,9.0,40.0,138.0
1133,763.0,363.0,9.0,9.0,768.0,368.0
1134,123.0,305.0,9.0,9.0,128.0,310.0
1135,553.0,383.0,9.0,9.0,558.0,388.0
1136,661.0,383.0,9.0,9.0,666.0,388.0
1137,273.0,377.0,9.0,9.0,278.0,382.0
1138,259.0,157.0,9.0,9.0,264.0,162.0
1139,143.0,145.0,9.0,9.0,148.0,150.0
1140,137.0,375.0,9.0,9.0,142.0,380.0
1141,141.0,319.0,9.0,9.0,146.0,324.0
1142,27.0,321.0,9.0,9.0,32.0,326.0
1143,575.0,295.0,9.0,9.0,580.0,300.0
1144,179.0,321.0,9.0,9.0,184.0,326.0
1145,387.0,115.0,9.0,9.0,392.0,120.0
1146,649.0,69.0,9.0,9.0,654.0,74.0
1147,349.0,137.0,9.0,9.0,354.0,142.0
1148,713.0,327.0,9.0,9.0,718.0,332.0
1149,417.0,399.0,9.0,9.0,422.0,404.0
1150,231.0,46.0,9.0,9.0,236.0,50.0
1151,791.0,399.0,9.0,9.0,796.0,404.0
1152,448.0,137.0,9.0,9.0,452.0,142.0
1153,397.0,177.0,9.0,9.0,402.0,182.0
1154,721.0,283.0,9.0,9.0,726.0,288.0
1155,557.0,177.0,9.0,9.0,562.0,182.0
1156,165.0,281.0,9.0,9.0,170.0,286.0
1157,13.0,179.0,9.0,9.0,18.0,184.0
1158,735.0,271.0,9.0,9.0,740.0,276.0
1159,41.0,271.0,9.0,9.0,46.0,276.0
1160,143.0,419.0,9.0,9.0,148.0,424.0
1161,521.0,357.0,9.0,9.0,526.0,362.0
1162,237.0,111.0,9.0,9.0,242.0,116.0
1163,483.0,673.0,9.0,9.0,488.0,678.0
1164,563.0,573.0,9.0,9.0,568.0,578.0
1165,687.0,189.0,9.0,9.0,692.0,194.0
1166,383.0,509.0,9.0,9.0,388.0,514.0
1167,563.0,267.0,9.0,9.0,568.0,272.0
1168,739.0,721.0,9.0,9.0,744.0,726.0
1169,435.0,543.0,9.0,9.0,440.0,548.0
1170,323.0,505.0,9.0,9.0,328.0,510.0
1171,241.0,615.0,9.0,9.0,246.0,620.0
1172,269.0,677.0,9.0,9.0,274.0,682.0
1173,229.0,519.0,9.0,9.0,234.0,524.0
1174,129.0,615.0,9.0,9.0,134.0,620.0
1175,59.0,617.0,9.0,9.0,64.0,622.0
1176,243.0,711.0,9.0,9.0,248.0,716.0
1177,165.0,489.0,9.0,9.0,170.0,494.0
1178,277.0,623.0,9.0,9.0,282.0,628.0
1179,781.0,711.0,9.0,9.0,786.0,716.0
1180,320.0,623.0,9.0,9.0,324.0,628.0
1181,197.0,485.0,9.0,9.0,202.0,490.0
1182,539.0,627.0,9.0,9.0,544.0,632.0
1183,483.0,615.0,9.0,9.0,488.0,620.0
1184,405.0,607.0,9.0,9.0,410.0,612.0
1185,613.0,669.0,9.0,9.0,618.0,674.0
1186,437.0,523.0,9.0,9.0,442.0,528.0
1187,777.0,565.0,9.0,9.0,782.0,570.0
1188,303.0,763.0,9.0,9.0,308.0,768.0
1189,589.0,567.0,9.0,9.0,594.0,572.0
1190,731.0,759.0,9.0,9.0,736.0,764.0
1191,741.0,556.0,9.0,9.0,746.0,560.0
1192,181.0,777.0,9.0,9.0,186.0,782.0
1193,-0.0,575.0,8.0,8.0,4.0,580.0
1194,355.0,755.0,9.0,9.0,360.0,760.0
1195,673.0,549.0,9.0,9.0,678.0,554.0
1196,143.0,579.0,9.0,9.0,148.0,584.0
1197,589.0,753.0,9.0,9.0,594.0,758.0
1198,411.0,751.0,9.0,9.0,416.0,756.0
1199,729.0,582.0,9.0,9.0,734.0,586.0
1200,507.0,749.0,9.0,9.0,512.0,754.0
1201,153.0,591.0,9.0,9.0,158.0,596.0
1202,55.0,791.0,9.0,9.0,60.0,796.0
1203,531.0,735.0,9.0,9.0,536.0,740.0
1204,85.0,529.0,9.0,9.0,90.0,534.0
1205,519.0,792.0,9.0,9.0,524.0,796.0
1206,701.0,703.0,9.0,9.0,706.0,708.0
1207,9.0,631.0,9.0,9.0,14.0,636.0
1208,147.0,769.0,9.0,9.0,152.0,774.0
1209,585.0,699.0,9.0,9.0,590.0,704.0
1210,585.0,633.0,9.0,9.0,590.0,638.0
1211,65.0,645.0,9.0,9.0,70.0,650.0
1212,207.0,681.0,9.0,9.0,212.0,686.0
1213,639.0,639.0,9.0,9.0,644.0,644.0
1214,721.0,453.0,9.0,9.0,726.0,458.0
1215,558.0,684.0,9.0,9.0,562.0,688.0
1216,297.0,449.0,9.0,9.0,302.0,454.0
1217,191.0,695.0,9.0,9.0,196.0,700.0
1218,400.0,660.0,9.0,9.0,404.0,664.0
1219,163.0,681.0,9.0,9.0,168.0,686.0
1220,431.0,752.0,10.0,10.0,436.0,757.0
1221,122.0,217.0,10.0,10.0,127.0,222.0
1222,230.0,228.0,10.0,10.0,235.0,233.0
1223,21.0,751.0,10.0,10.0,26.0,756.0
1224,751.0,35.0,10.0,10.0,756.0,40.0
1225,619.0,659.0,10.0,10.0,624.0,664.0
1226,621.0,651.0,10.0,10.0,626.0,656.0
1227,53.0,585.0,10.0,10.0,58.0,590.0
1228,97.0,239.0,10.0,10.0,102.0,244.0
1229,239.0,225.0,10.0,10.0,244.0,230.0
1230,250.0,81.0,10.0,10.0,255.0,86.0
1231,583.0,213.0,10.0,10.0,588.0,218.0
1232,199.0,599.0,10.0,10.0,204.0,604.0
1233,342.0,737.0,10.0,10.0,347.0,742.0
1234,349.0,181.0,10.0,10.0,354.0,186.0
1235,2.0,741.0,10.0,10.0,7.0,746.0
1236,143.0,593.0,10.0,10.0,148.0,598.0
1237,767.0,590.0,10.0,10.0,772.0,595.0
1238,671.0,747.0,10.0,10.0,676.0,752.0
1239,775.0,742.0,10.0,10.0,780.0,747.0
1240,551.0,741.0,10.0,10.0,556.0,746.0
1241,379.0,745.0,10.0,10.0,384.0,750.0
1242,85.0,205.0,10.0,10.0,90.0,210.0
1243,711.0,206.0,10.0,10.0,716.0,211.0
1244,549.0,749.0,10.0,10.0,554.0,754.0
1245,423.0,661.0,10.0,10.0,428.0,666.0
1246,203.0,201.0,10.0,10.0,208.0,206.0
1247,753.0,239.0,10.0,10.0,758.0,244.0
1248,552.0,578.0,10.0,10.0,557.0,583.0
1249,88.0,579.0,10.0,10.0,93.0,584.0
1250,109.0,291.0,10.0,10.0,114.0,296.0
1251,5.0,290.0,10.0,10.0,10.0,295.0
1252,545.0,767.0,10.0,10.0,550.0,772.0
1253,41.0,562.0,10.0,10.0,46.0,567.0
1254,532.0,561.0,10.0,10.0,537.0,566.0
1255,778.0,284.0,10.0,10.0,783.0,289.0
1256,413.0,567.0,10.0,10.0,418.0,572.0
1257,711.0,282.0,10.0,10.0,716.0,287.0
1258,590.0,665.0,10.0,10.0,595.0,670.0
1259,219.0,764.0,10.0,10.0,224.0,769.0
1260,650.0,281.0,10.0,10.0,655.0,286.0
1261,566.0,278.0,10.0,10.0,571.0,283.0
1262,272.0,275.0,10.0,10.0,277.0,280.0
1263,130.0,274.0,10.0,10.0,135.0,279.0
1264,767.0,272.0,10.0,10.0,772.0,277.0
1265,575.0,761.0,10.0,10.0,580.0,766.0
1266,194.0,761.0,10.0,10.0,199.0,766.0
1267,559.0,243.0,10.0,10.0,564.0,248.0
1268,177.0,689.0,10.0,10.0,182.0,694.0
1269,279.0,247.0,10.0,10.0,284.0,252.0
1270,518.0,250.0,10.0,10.0,523.0,255.0
1271,707.0,32.0,10.0,10.0,712.0,37.0
1272,423.0,683.0,10.0,10.0,428.0,688.0
1273,787.0,240.0,10.0,10.0,792.0,245.0
1274,278.0,257.0,10.0,10.0,283.0,262.0
1275,784.0,261.0,10.0,10.0,789.0,266.0
1276,509.0,681.0,10.0,10.0,514.0,686.0
1277,475.0,757.0,10.0,10.0,480.0,762.0
1278,470.0,30.0,10.0,10.0,475.0,35.0
1279,789.0,20.0,10.0,10.0,794.0,25.0
1280,405.0,758.0,10.0,10.0,410.0,763.0
1281,239.0,259.0,10.0,10.0,244.0,264.0
1282,449.0,689.0,10.0,10.0,454.0,694.0
1283,185.0,176.0,10.0,10.0,190.0,181.0
1284,697.0,44.0,10.0,10.0,702.0,49.0
1285,140.0,127.0,10.0,10.0,145.0,132.0
1286,755.0,63.0,10.0,10.0,760.0,68.0
1287,313.0,615.0,10.0,10.0,318.0,620.0
1288,293.0,6.0,10.0,10.0,298.0,11.0
1289,503.0,123.0,10.0,10.0,508.0,128.0
1290,284.0,7.0,10.0,10.0,289.0,12.0
1291,156.0,635.0,10.0,10.0,161.0,640.0
1292,512.0,715.0,10.0,10.0,517.0,720.0
1293,549.0,623.0,10.0,10.0,554.0,628.0
1294,181.0,635.0,10.0,10.0,186.0,640.0
1295,53.0,623.0,10.0,10.0,58.0,628.0
1296,386.0,69.0,10.0,10.0,391.0,74.0
1297,294.0,114.0,10.0,10.0,299.0,119.0
1298,641.0,8.0,10.0,10.0,646.0,13.0
1299,631.0,71.0,10.0,10.0,636.0,76.0
1300,749.0,678.0,10.0,10.0,754.0,683.0
1301,719.0,675.0,10.0,10.0,724.0,680.0
1302,420.0,83.0,10.0,10.0,425.0,88.0
1303,565.0,83.0,10.0,10.0,570.0,88.0
1304,619.0,704.0,10.0,10.0,624.0,709.0
1305,665.0,86.0,10.0,10.0,670.0,91.0
1306,414.0,77.0,10.0,10.0,419.0,82.0
1307,412.0,629.0,10.0,10.0,417.0,634.0
1308,684.0,614.0,10.0,10.0,689.0,619.0
1309,734.0,240.0,10.0,10.0,739.0,245.0
1310,191.0,629.0,10.0,10.0,196.0,634.0
1311,167.0,629.0,10.0,10.0,172.0,634.0
1312,485.0,634.0,10.0,10.0,490.0,639.0
1313,745.0,625.0,10.0,10.0,750.0,630.0
1314,291.0,710.0,10.0,10.0,296.0,715.0
1315,123.0,677.0,10.0,10.0,128.0,682.0
1316,438.0,94.0,10.0,10.0,443.0,99.0
1317,725.0,62.0,10.0,10.0,730.0,67.0
1318,416.0,131.0,10.0,10.0,421.0,136.0
1319,576.0,131.0,10.0,10.0,581.0,136.0
1320,231.0,55.0,10.0,10.0,236.0,60.0
1321,749.0,0.0,10.0,10.0,754.0,5.0
1322,79.0,607.0,10.0,10.0,84.0,612.0
1323,523.0,17.0,10.0,10.0,528.0,22.0
1324,58.0,159.0,10.0,10.0,63.0,164.0
1325,659.0,605.0,10.0,10.0,664.0,610.0
1326,368.0,153.0,10.0,10.0,373.0,158.0
1327,85.0,168.0,10.0,10.0,90.0,173.0
1328,648.0,693.0,10.0,10.0,653.0,698.0
1329,257.0,173.0,10.0,10.0,262.0,178.0
1330,21.0,691.0,10.0,10.0,26.0,696.0
1331,574.0,599.0,10.0,10.0,579.0,604.0
1332,658.0,597.0,10.0,10.0,663.0,602.0
1333,721.0,79.0,10.0,10.0,726.0,84.0
1334,97.0,173.0,10.0,10.0,102.0,178.0
1335,263.0,735.0,10.0,10.0,268.0,740.0
1336,25.0,645.0,10.0,10.0,30.0,650.0
1337,405.0,1.0,10.0,10.0,410.0,6.0
1338,597.0,5.0,10.0,10.0,602.0,10.0
1339,769.0,61.0,10.0,10.0,774.0,66.0
1340,42.0,13.0,10.0,10.0,47.0,18.0
1341,237.0,696.0,10.0,10.0,242.0,701.0
1342,301.0,16.0,10.0,10.0,306.0,21.0
1343,155.0,671.0,10.0,10.0,160.0,676.0
1344,123.0,153.0,10.0,10.0,128.0,158.0
1345,702.0,611.0,10.0,10.0,707.0,616.0
1346,489.0,611.0,10.0,10.0,494.0,616.0
1347,518.0,293.0,10.0,10.0,523.0,298.0
1348,692.0,57.0,10.0,10.0,697.0,62.0
1349,21.0,149.0,10.0,10.0,26.0,154.0
1350,337.0,149.0,10.0,10.0,342.0,154.0
1351,609.0,609.0,10.0,10.0,614.0,614.0
1352,81.0,141.0,10.0,10.0,86.0,146.0
1353,220.0,145.0,10.0,10.0,225.0,150.0
1354,493.0,680.0,10.0,10.0,498.0,685.0
1355,681.0,475.0,10.0,10.0,686.0,480.0
1356,643.0,522.0,10.0,10.0,648.0,527.0
1357,455.0,359.0,10.0,10.0,460.0,364.0
1358,495.0,419.0,10.0,10.0,500.0,424.0
1359,166.0,419.0,10.0,10.0,171.0,424.0
1360,517.0,477.0,10.0,10.0,522.0,482.0
1361,679.0,605.0,10.0,10.0,684.0,610.0
1362,597.0,356.0,10.0,10.0,602.0,361.0
1363,696.0,421.0,10.0,10.0,701.0,426.0
1364,565.0,356.0,10.0,10.0,570.0,361.0
1365,771.0,477.0,10.0,10.0,776.0,482.0
1366,462.0,356.0,10.0,10.0,467.0,361.0
1367,446.0,353.0,10.0,10.0,451.0,358.0
1368,345.0,423.0,10.0,10.0,350.0,428.0
1369,111.0,531.0,10.0,10.0,116.0,536.0
1370,625.0,425.0,10.0,10.0,630.0,430.0
1371,266.0,345.0,10.0,10.0,271.0,350.0
1372,226.0,536.0,10.0,10.0,231.0,541.0
1373,738.0,470.0,10.0,10.0,743.0,475.0
1374,488.0,541.0,10.0,10.0,493.0,546.0
1375,358.0,430.0,10.0,10.0,363.0,435.0
1376,505.0,539.0,10.0,10.0,510.0,544.0
1377,657.0,787.0,10.0,10.0,662.0,792.0
1378,12.0,428.0,10.0,10.0,17.0,433.0
1379,485.0,418.0,10.0,10.0,490.0,423.0
1380,253.0,788.0,10.0,10.0,258.0,793.0
1381,568.0,788.0,10.0,10.0,573.0,793.0
1382,36.0,538.0,10.0,10.0,41.0,543.0
1383,107.0,487.0,10.0,10.0,112.0,492.0
1384,712.0,476.0,10.0,10.0,717.0,481.0
1385,687.0,535.0,10.0,10.0,692.0,540.0
1386,89.0,789.0,10.0,10.0,94.0,794.0
1387,469.0,473.0,10.0,10.0,474.0,478.0
1388,243.0,333.0,10.0,10.0,248.0,338.0
1389,216.0,481.0,10.0,10.0,221.0,486.0
1390,463.0,366.0,10.0,10.0,468.0,371.0
1391,663.0,405.0,10.0,10.0,668.0,410.0
1392,167.0,408.0,10.0,10.0,172.0,413.0
1393,278.0,402.0,10.0,10.0,283.0,407.0
1394,365.0,400.0,10.0,10.0,370.0,405.0
1395,515.0,495.0,10.0,10.0,520.0,500.0
1396,561.0,495.0,10.0,10.0,566.0,500.0
1397,733.0,482.0,10.0,10.0,738.0,487.0
1398,599.0,394.0,10.0,10.0,604.0,399.0
1399,560.0,391.0,10.0,10.0,565.0,396.0
1400,112.0,483.0,10.0,10.0,117.0,488.0
1401,449.0,498.0,10.0,10.0,454.0,503.0
1402,621.0,389.0,10.0,10.0,626.0,394.0
1403,302.0,389.0,10.0,10.0,307.0,394.0
1404,528.0,386.0,10.0,10.0,533.0,391.0
1405,581.0,385.0,10.0,10.0,586.0,390.0
1406,729.0,385.0,10.0,10.0,734.0,390.0
1407,362.0,501.0,10.0,10.0,367.0,506.0
1408,358.0,75.0,10.0,10.0,363.0,80.0
1409,670.0,517.0,10.0,10.0,675.0,522.0
1410,266.0,481.0,10.0,10.0,271.0,486.0
1411,425.0,415.0,10.0,10.0,430.0,420.0
1412,173.0,513.0,10.0,10.0,178.0,518.0
1413,288.0,508.0,10.0,10.0,293.0,513.0
1414,19.0,69.0,10.0,10.0,24.0,74.0
1415,301.0,505.0,10.0,10.0,306.0,510.0
1416,758.0,413.0,10.0,10.0,763.0,418.0
1417,373.0,481.0,10.0,10.0,378.0,486.0
1418,53.0,381.0,10.0,10.0,58.0,386.0
1419,693.0,503.0,10.0,10.0,698.0,508.0
1420,379.0,501.0,10.0,10.0,384.0,506.0
1421,342.0,385.0,10.0,10.0,347.0,390.0
1422,743.0,380.0,10.0,10.0,748.0,385.0
1423,391.0,469.0,10.0,10.0,396.0,474.0
1424,636.0,407.0,10.0,10.0,641.0,412.0
1425,87.0,543.0,10.0,10.0,92.0,548.0
1426,497.0,322.0,10.0,10.0,502.0,327.0
1427,334.0,779.0,10.0,10.0,339.0,784.0
1428,31.0,551.0,10.0,10.0,36.0,556.0
1429,398.0,439.0,10.0,10.0,403.0,444.0
1430,612.0,313.0,10.0,10.0,617.0,318.0
1431,251.0,431.0,10.0,10.0,256.0,436.0
1432,694.0,451.0,10.0,10.0,699.0,456.0
1433,161.0,311.0,10.0,10.0,166.0,316.0
1434,579.0,307.0,10.0,10.0,584.0,312.0
1435,540.0,774.0,10.0,10.0,545.0,779.0
1436,754.0,323.0,10.0,10.0,759.0,328.0
1437,406.0,303.0,10.0,10.0,411.0,308.0
1438,758.0,303.0,10.0,10.0,763.0,308.0
1439,265.0,771.0,10.0,10.0,270.0,776.0
1440,721.0,770.0,10.0,10.0,726.0,775.0
1441,569.0,301.0,10.0,10.0,574.0,306.0
1442,339.0,301.0,10.0,10.0,344.0,306.0
1443,572.0,560.0,10.0,10.0,577.0,565.0
1444,1.0,451.0,10.0,10.0,6.0,456.0
1445,752.0,299.0,10.0,10.0,757.0,304.0
1446,732.0,299.0,10.0,10.0,737.0,304.0
1447,321.0,447.0,10.0,10.0,326.0,452.0
1448,733.0,556.0,10.0,10.0,738.0,561.0
1449,617.0,326.0,10.0,10.0,622.0,331.0
1450,199.0,775.0,10.0,10.0,204.0,780.0
1451,689.0,331.0,10.0,10.0,694.0,336.0
1452,101.0,329.0,10.0,10.0,106.0,334.0
1453,294.0,547.0,10.0,10.0,299.0,552.0
1454,730.0,333.0,10.0,10.0,735.0,338.0
1455,365.0,461.0,10.0,10.0,370.0,466.0
1456,544.0,433.0,10.0,10.0,549.0,438.0
1457,195.0,329.0,10.0,10.0,200.0,334.0
1458,28.0,612.0,11.0,11.0,34.0,618.0
1459,16.0,280.0,11.0,11.0,22.0,286.0
1460,58.0,414.0,11.0,11.0,64.0,420.0
1461,684.0,62.0,11.0,11.0,690.0,68.0
1462,96.0,142.0,11.0,11.0,102.0,148.0
1463,746.0,52.0,11.0,11.0,752.0,58.0
1464,50.0,238.0,11.0,11.0,56.0,244.0
1465,6.0,552.0,11.0,11.0,12.0,558.0
1466,664.0,512.0,11.0,11.0,670.0,518.0
1467,520.0,88.0,11.0,11.0,526.0,94.0
1468,52.0,212.0,11.0,11.0,58.0,218.0
1469,328.0,740.0,11.0,11.0,334.0,746.0
1470,478.0,448.0,11.0,11.0,484.0,454.0
1471,473.0,659.0,11.0,11.0,478.0,664.0
1472,92.0,130.0,11.0,11.0,98.0,136.0
1473,72.0,218.0,11.0,11.0,78.0,224.0
1474,272.0,498.0,11.0,11.0,278.0,504.0
1475,668.0,386.0,11.0,11.0,674.0,392.0
1476,518.0,640.0,11.0,11.0,524.0,646.0
1477,48.0,220.0,11.0,11.0,54.0,226.0
1478,534.0,28.0,11.0,11.0,540.0,34.0
1479,172.0,234.0,11.0,11.0,178.0,240.0
1480,179.0,98.0,11.0,11.0,184.0,104.0
1481,46.0,98.0,11.0,11.0,52.0,104.0
1482,264.0,296.0,11.0,11.0,270.0,302.0
1483,746.0,555.0,11.0,11.0,752.0,560.0
1484,438.0,33.0,11.0,11.0,444.0,38.0
1485,285.0,655.0,11.0,11.0,290.0,660.0
1486,610.0,175.0,11.0,11.0,616.0,180.0
1487,570.0,198.0,11.0,11.0,576.0,204.0
1488,700.0,518.0,11.0,11.0,706.0,524.0
1489,346.0,70.0,11.0,11.0,352.0,76.0
1490,318.0,342.0,11.0,11.0,324.0,348.0
1491,394.0,66.0,11.0,11.0,400.0,72.0
1492,262.0,434.0,11.0,11.0,268.0,440.0
1493,770.0,728.0,11.0,11.0,776.0,734.0
1494,456.0,752.0,11.0,11.0,462.0,758.0
1495,790.0,440.0,11.0,11.0,796.0,446.0
1496,251.0,596.0,11.0,11.0,256.0,602.0
1497,372.0,547.0,11.0,11.0,378.0,552.0
1498,230.0,604.0,11.0,11.0,236.0,610.0
1499,436.0,16.0,11.0,11.0,442.0,22.0
1500,76.0,244.0,11.0,11.0,82.0,250.0
1501,694.0,632.0,11.0,11.0,700.0,638.0
1502,212.0,202.0,11.0,11.0,218.0,208.0
1503,334.0,684.0,11.0,11.0,340.0,690.0
1504,532.0,69.0,12.0,12.0,538.0,75.0
1505,694.0,106.0,12.0,12.0,700.0,112.0
1506,384.0,444.0,12.0,12.0,390.0,450.0
1507,352.0,482.0,12.0,12.0,358.0,488.0
1508,76.0,29.0,12.0,12.0,82.0,35.0
1509,201.0,106.0,12.0,12.0,207.0,112.0
1510,492.0,624.0,12.0,12.0,498.0,630.0
1511,150.0,18.0,12.0,12.0,156.0,24.0
1512,434.0,436.0,12.0,12.0,440.0,442.0
1513,54.0,956.0,12.0,12.0,60.0,962.0
1514,238.0,662.0,12.0,12.0,244.0,668.0
1515,1.0,441.0,12.0,12.0,7.0,447.0
1516,186.0,451.0,12.0,12.0,192.0,457.0
1517,55.0,859.0,12.0,12.0,61.0,865.0
1518,248.0,88.0,12.0,12.0,254.0,94.0
1519,588.0,78.0,12.0,12.0,594.0,84.0
1520,644.0,672.0,12.0,12.0,650.0,678.0
1521,142.0,675.0,12.0,12.0,148.0,681.0
1522,540.0,705.0,12.0,12.0,546.0,711.0
1523,543.0,38.0,12.0,12.0,549.0,44.0
1524,225.0,687.0,12.0,12.0,231.0,693.0
1525,744.0,16.0,12.0,12.0,750.0,22.0
1526,473.0,666.0,12.0,12.0,479.0,672.0
1527,102.0,636.0,12.0,12.0,108.0,642.0
1528,186.0,54.0,12.0,12.0,192.0,60.0
1529,207.0,284.0,12.0,12.0,213.0,290.0
1530,185.0,372.0,12.0,12.0,191.0,378.0
1531,716.0,110.0,12.0,12.0,722.0,116.0
1532,522.0,752.0,12.0,12.0,528.0,758.0
1533,67.0,564.0,12.0,12.0,73.0,570.0
1534,408.0,118.0,12.0,12.0,414.0,124.0
1535,0.0,764.0,12.0,12.0,6.0,770.0
1536,400.0,337.0,12.0,12.0,406.0,343.0
1537,704.0,109.0,12.0,12.0,710.0,115.0
1538,340.0,194.0,12.0,12.0,346.0,200.0
1539,672.0,537.0,12.0,12.0,678.0,543.0
1540,415.0,341.0,12.0,12.0,421.0,347.0
1541,526.0,531.0,12.0,12.0,532.0,537.0
1542,566.0,343.0,12.0,12.0,572.0,349.0
1543,619.0,140.0,12.0,12.0,625.0,146.0
1544,506.0,267.0,12.0,12.0,512.0,273.0
1545,575.0,165.0,12.0,12.0,581.0,171.0
1546,152.0,569.0,12.0,12.0,158.0,575.0
1547,409.0,144.0,12.0,12.0,415.0,150.0
1548,726.0,311.0,12.0,12.0,732.0,317.0
1549,738.0,548.0,12.0,12.0,744.0,554.0
1550,684.0,566.0,12.0,12.0,690.0,572.0
1551,513.0,775.0,12.0,12.0,519.0,781.0
1552,576.0,571.0,12.0,12.0,582.0,577.0
1553,55.0,442.0,12.0,12.0,61.0,448.0
1554,662.0,243.0,12.0,12.0,668.0,249.0
1555,390.0,941.0,12.0,12.0,396.0,947.0
1556,425.0,600.0,12.0,12.0,431.0,606.0
1557,516.0,676.0,12.0,12.0,522.0,682.0
1558,368.0,612.0,12.0,12.0,374.0,618.0
1559,551.0,120.0,12.0,12.0,557.0,126.0
1560,540.0,120.0,12.0,12.0,546.0,126.0
1561,361.0,622.0,12.0,12.0,367.0,628.0
1562,447.0,150.0,12.0,12.0,453.0,156.0
1563,111.0,610.0,12.0,12.0,117.0,616.0
1564,33.0,291.0,12.0,12.0,39.0,297.0
1565,292.0,598.0,12.0,12.0,298.0,604.0
1566,523.0,732.0,12.0,12.0,529.0,738.0
1567,580.0,57.0,12.0,12.0,586.0,63.0
1568,7.0,53.0,12.0,12.0,13.0,59.0
1569,408.0,162.0,12.0,12.0,414.0,168.0
1570,514.0,158.0,12.0,12.0,520.0,164.0
1571,359.0,569.0,12.0,12.0,365.0,575.0
1572,313.0,291.0,13.0,13.0,320.0,298.0
1573,639.0,234.0,13.0,13.0,646.0,240.0
1574,609.0,374.0,13.0,13.0,616.0,380.0
1575,443.0,132.0,13.0,13.0,450.0,138.0
1576,77.0,123.0,13.0,13.0,84.0,130.0
1577,145.0,69.0,13.0,13.0,152.0,76.0
1578,756.0,549.0,13.0,13.0,762.0,556.0
1579,77.0,20.0,13.0,13.0,84.0,26.0
1580,634.0,601.0,13.0,13.0,640.0,608.0
1581,444.0,642.0,13.0,13.0,450.0,648.0
1582,697.0,717.0,13.0,13.0,704.0,724.0
1583,627.0,131.0,13.0,13.0,634.0,138.0
1584,603.0,1787.0,13.0,13.0,610.0,1794.0
1585,97.0,311.0,13.0,13.0,104.0,318.0
1586,617.0,665.0,13.0,13.0,624.0,672.0
1587,701.0,325.0,13.0,13.0,708.0,332.0
1588,273.0,713.0,13.0,13.0,280.0,720.0
1589,105.0,111.0,13.0,13.0,112.0,118.0
1590,126.0,440.0,13.0,13.0,132.0,446.0
1591,144.0,108.0,13.0,13.0,150.0,114.0
1592,581.0,234.0,14.0,14.0,588.0,241.0
1593,521.0,578.0,14.0,14.0,528.0,585.0
1594,745.0,220.0,14.0,14.0,752.0,227.0
1595,372.0,584.0,14.0,14.0,379.0,591.0
1596,497.0,741.0,14.0,14.0,504.0,748.0
1597,224.0,251.0,14.0,14.0,231.0,258.0
1598,365.0,537.0,14.0,14.0,372.0,544.0
1599,97.0,300.0,14.0,14.0,104.0,307.0
1600,286.0,766.0,14.0,14.0,293.0,773.0
1601,169.0,776.0,14.0,14.0,176.0,783.0
1602,425.0,440.0,14.0,14.0,432.0,447.0
1603,93.0,284.0,14.0,14.0,100.0,291.0
1604,143.0,442.0,14.0,14.0,150.0,449.0
1605,434.0,475.0,14.0,14.0,441.0,482.0
1606,618.0,545.0,14.0,14.0,625.0,552.0
1607,398.0,495.0,14.0,14.0,405.0,502.0
1608,114.0,767.0,14.0,14.0,121.0,774.0
1609,468.0,691.0,14.0,14.0,475.0,698.0
1610,70.0,694.0,14.0,14.0,77.0,701.0
1611,263.0,624.0,14.0,14.0,270.0,631.0
1612,305.0,709.0,14.0,14.0,312.0,716.0
1613,618.0,555.0,14.0,14.0,625.0,562.0
1614,168.0,284.0,14.0,14.0,175.0,291.0
1615,81.0,411.0,14.0,14.0,88.0,418.0
1616,154.0,518.0,15.0,15.0,162.0,526.0
1617,513.0,738.0,15.0,15.0,520.0,746.0
1618,693.0,346.0,15.0,15.0,700.0,354.0
1619,97.0,601.0,15.0,15.0,104.0,608.0
1620,440.0,782.0,15.0,15.0,448.0,790.0
1621,534.0,714.0,15.0,15.0,542.0,722.0
1622,682.0,336.0,15.0,15.0,690.0,344.0
1623,381.0,290.0,15.0,15.0,388.0,298.0
1624,342.0,724.0,15.0,15.0,350.0,732.0
1625,176.0,558.0,15.0,15.0,184.0,566.0
1626,726.0,344.0,16.0,16.0,734.0,352.0
1627,199.0,57.0,16.0,16.0,207.0,65.0
1628,247.0,663.0,16.0,16.0,255.0,671.0
1629,541.0,518.0,16.0,16.0,549.0,526.0
1630,678.0,396.0,16.0,16.0,686.0,404.0
1631,647.0,224.0,16.0,16.0,655.0,232.0
1632,640.0,134.0,16.0,16.0,648.0,142.0
1633,670.0,140.0,16.0,16.0,678.0,148.0
1634,184.0,267.0,16.0,16.0,192.0,275.0
1635,314.0,11.0,16.0,16.0,322.0,19.0
1636,684.0,4.0,16.0,16.0,692.0,12.0
1637,239.0,125.0,16.0,16.0,247.0,133.0
1638,298.0,263.0,16.0,16.0,306.0,271.0
1639,468.0,658.0,17.0,17.0,476.0,666.0
1640,671.0,10.0,17.0,17.0,680.0,18.0
1641,590.0,517.0,17.0,17.0,598.0,526.0
1642,249.0,397.0,17.0,17.0,258.0,406.0
1643,549.0,511.0,17.0,17.0,558.0,520.0
1644,615.0,657.0,17.0,17.0,624.0,666.0
1645,153.0,685.0,17.0,17.0,162.0,694.0
1646,103.0,23.0,17.0,17.0,112.0,32.0
1647,438.0,718.0,17.0,17.0,446.0,726.0
1648,265.0,451.0,18.0,18.0,274.0,460.0
1649,549.0,659.0,18.0,18.0,558.0,668.0
1650,715.0,661.0,18.0,18.0,724.0,670.0
1651,607.0,677.0,18.0,18.0,616.0,686.0
1652,492.0,565.0,18.0,18.0,501.0,574.0
1653,569.0,22.0,18.0,18.0,578.0,31.0
1654,449.0,550.0,18.0,18.0,458.0,559.0
1655,547.0,738.0,18.0,18.0,556.0,747.0
1656,22.0,262.0,18.0,18.0,31.0,271.0
1657,710.0,516.0,18.0,18.0,719.0,525.0
1658,1.0,214.0,18.0,18.0,10.0,223.0
1659,269.0,525.0,19.0,19.0,278.0,534.0
1660,401.0,543.0,19.0,19.0,410.0,552.0
1661,277.0,35.0,19.0,19.0,286.0,44.0
1662,666.0,221.0,19.0,19.0,676.0,230.0
1663,18.0,37.0,20.0,20.0,28.0,47.0
1664,44.0,43.0,20.0,20.0,54.0,53.0
1665,165.0,165.0,20.0,20.0,175.0,175.0
1666,720.0,177.0,20.0,20.0,730.0,187.0
1667,91.0,513.0,20.0,20.0,101.0,523.0
1668,696.0,207.0,20.0,20.0,706.0,217.0
1669,778.0,598.0,20.0,20.0,788.0,608.0
1670,502.0,433.0,20.0,20.0,512.0,443.0
1671,222.0,144.0,21.0,21.0,232.0,154.0
1672,178.0,346.0,22.0,22.0,189.0,357.0
1673,507.0,412.0,22.0,22.0,518.0,423.0
1674,201.0,128.0,22.0,22.0,212.0,139.0
1675,648.0,676.0,23.0,23.0,660.0,688.0
1676,117.0,698.0,23.0,23.0,128.0,710.0
1677,270.0,304.0,23.0,23.0,282.0,316.0
1678,210.0,613.0,24.0,24.0,222.0,625.0
1679,642.0,761.0,24.0,24.0,654.0,773.0
1680,606.0,750.0,24.0,24.0,618.0,762.0
1681,453.0,179.0,25.0,25.0,466.0,192.0
1682,625.0,342.0,25.0,25.0,638.0,354.0
1683,279.0,146.0,26.0,26.0,292.0,159.0
1684,321.0,524.0,26.0,26.0,334.0,537.0
1685,13.0,100.0,28.0,28.0,27.0,114.0
1686,327.0,763.0,28.0,28.0,341.0,777.0
1687,576.0,184.0,29.0,29.0,590.0,198.0
1688,8.0,458.0,30.0,30.0,23.0,473.0
1689,664.0,728.0,32.0,32.0,680.0,744.0
1690,54.0,728.0,32.0,32.0,70.0,744.0
1691,592.0,239.0,32.0,32.0,608.0,255.0
1692,525.0,134.0,32.0,32.0,541.0,150.0
1693,156.0,750.0,33.0,33.0,172.0,766.0
1694,247.0,541.0,34.0,34.0,264.0,558.0
1695,146.0,34.0,34.0,34.0,163.0,51.0
1696,391.0,720.0,37.0,37.0,410.0,738.0
1697,751.0,193.0,38.0,38.0,770.0,212.0
1698,522.0,160.0,40.0,40.0,542.0,180.0
1699,28.0,513.0,40.0,40.0,48.0,533.0
1700,755.0,6.0,42.0,42.0,776.0,27.0
1701,390.0,457.0,42.0,42.0,411.0,478.0
1702,637.0,243.0,46.0,46.0,660.0,266.0
1703,219.0,414.0,47.0,47.0,242.0,438.0
1704,457.0,142.0,48.0,48.0,481.0,166.0
1705,316.0,692.0,53.0,53.0,342.0,718.0
1706,525.0,300.0,54.0,54.0,552.0,327.0
1707,320.0,415.0,60.0,60.0,350.0,445.0
1708,491.0,570.0,71.0,71.0,526.0,606.0
1709,356.0,688.0,72.0,72.0,392.0,724.0
1710,233.0,290.0,72.0,72.0,269.0,326.0
1711,573.0,606.0,74.0,74.0,610.0,643.0
1712,232.0,709.0,74.0,74.0,269.0,746.0
1713,487.0,707.0,77.0,77.0,526.0,746.0
1714,105.0,183.0,88.0,88.0,149.0,227.0
1715,665.0,99.0,102.0,102.0,716.0,150.0
1716,63.0,42.0,104.0,104.0,115.0,94.0
