ID,X,Y,W,H,C_X,CY
476,512.0,512.0,7.0,7.0,516.0,516.0
477,482.0,114.0,7.0,7.0,486.0,118.0
478,424.0,190.0,7.0,7.0,428.0,194.0
479,770.0,145.0,7.0,7.0,774.0,148.0
480,706.0,530.0,7.0,7.0,710.0,534.0
481,610.0,630.0,7.0,7.0,614.0,634.0
482,196.0,462.0,7.0,7.0,200.0,466.0
483,70.0,740.0,7.0,7.0,74.0,744.0
484,224.0,790.0,7.0,7.0,228.0,794.0
485,388.0,462.0,7.0,7.0,392.0,466.0
486,360.0,302.0,7.0,7.0,364.0,306.0
487,484.0,696.0,7.0,7.0,488.0,700.0
488,516.0,586.0,7.0,7.0,520.0,590.0
489,558.0,696.0,7.0,7.0,562.0,700.0
490,748.0,170.0,7.0,7.0,752.0,174.0
491,742.0,276.0,7.0,7.0,746.0,280.0
492,129.0,491.0,7.0,7.0,132.0,494.0
493,282.0,210.0,7.0,7.0,286.0,214.0
494,502.0,170.0,7.0,7.0,506.0,174.0
495,172.0,788.0,7.0,7.0,176.0,792.0
496,486.0,302.0,7.0,7.0,490.0,306.0
497,248.0,740.0,7.0,7.0,252.0,744.0
498,284.0,283.0,7.0,7.0,288.0,286.0
499,608.0,212.0,7.0,7.0,612.0,216.0
500,180.0,150.0,7.0,7.0,184.0,154.0
501,166.0,500.0,7.0,7.0,170.0,504.0
502,281.0,199.0,7.0,7.0,284.0,202.0
503,30.0,304.0,7.0,7.0,34.0,308.0
504,444.0,750.0,7.0,7.0,448.0,754.0
505,251.0,356.0,7.0,7.0,254.0,360.0
506,570.0,152.0,7.0,7.0,574.0,156.0
507,213.0,555.0,7.0,7.0,216.0,558.0
508,14.0,58.0,7.0,7.0,18.0,62.0
509,636.0,214.0,7.0,7.0,640.0,218.0
510,205.0,375.0,7.0,7.0,208.0,378.0
511,284.0,536.0,7.0,7.0,288.0,540.0
512,558.0,548.0,7.0,7.0,562.0,552.0
513,187.0,352.0,7.0,7.0,190.0,356.0
514,546.0,226.0,7.0,7.0,550.0,230.0
515,726.0,156.0,7.0,7.0,730.0,160.0
516,266.0,156.0,7.0,7.0,270.0,160.0
517,124.0,158.0,7.0,7.0,128.0,162.0
518,704.0,160.0,7.0,7.0,708.0,164.0
519,781.0,-0.0,6.0,6.0,784.0,3.0
520,234.0,692.0,7.0,7.0,238.0,696.0
521,378.0,162.0,7.0,7.0,382.0,166.0
522,750.0,790.0,7.0,7.0,754.0,794.0
523,766.0,458.0,7.0,7.0,770.0,462.0
524,776.0,194.0,7.0,7.0,780.0,198.0
525,380.0,466.0,7.0,7.0,384.0,470.0
526,208.0,60.0,7.0,7.0,212.0,64.0
527,464.0,286.0,7.0,7.0,468.0,290.0
528,222.0,466.0,7.0,7.0,226.0,470.0
529,122.0,574.0,7.0,7.0,126.0,578.0
530,422.0,282.0,7.0,7.0,426.0,286.0
531,234.0,260.0,7.0,7.0,238.0,264.0
532,460.0,180.0,7.0,7.0,464.0,184.0
533,178.0,774.0,7.0,7.0,182.0,778.0
534,432.0,702.0,7.0,7.0,436.0,706.0
535,642.0,436.0,7.0,7.0,646.0,440.0
536,422.0,224.0,7.0,7.0,426.0,228.0
537,660.0,476.0,7.0,7.0,664.0,480.0
538,414.0,266.0,7.0,7.0,418.0,270.0
539,68.0,417.0,7.0,7.0,72.0,420.0
540,592.0,402.0,7.0,7.0,596.0,406.0
541,572.0,516.0,7.0,7.0,576.0,520.0
542,628.0,508.0,7.0,7.0,632.0,512.0
543,242.0,516.0,7.0,7.0,246.0,520.0
544,558.0,706.0,7.0,7.0,562.0,710.0
545,334.0,478.0,7.0,7.0,338.0,482.0
546,666.0,784.0,7.0,7.0,670.0,788.0
547,660.0,266.0,7.0,7.0,664.0,270.0
548,720.0,778.0,7.0,7.0,724.0,782.0
549,628.0,774.0,7.0,7.0,632.0,778.0
550,504.0,580.0,7.0,7.0,508.0,584.0
551,86.0,708.0,7.0,7.0,90.0,712.0
552,724.0,226.0,7.0,7.0,728.0,230.0
553,388.0,292.0,7.0,7.0,392.0,296.0
554,110.0,186.0,7.0,7.0,114.0,190.0
555,436.0,482.0,7.0,7.0,440.0,486.0
556,32.0,728.0,7.0,7.0,36.0,732.0
557,224.0,188.0,7.0,7.0,228.0,192.0
558,354.0,180.0,7.0,7.0,358.0,184.0
559,444.0,524.0,7.0,7.0,448.0,528.0
560,226.0,518.0,7.0,7.0,230.0,522.0
561,766.0,636.0,7.0,7.0,770.0,640.0
562,408.0,702.0,7.0,7.0,412.0,706.0
563,338.0,737.0,7.0,7.0,342.0,740.0
564,112.0,568.0,7.0,7.0,116.0,572.0
565,590.0,190.0,7.0,7.0,594.0,194.0
566,646.0,288.0,7.0,7.0,650.0,292.0
567,440.0,584.0,7.0,7.0,444.0,588.0
568,744.0,712.0,7.0,7.0,748.0,716.0
569,436.0,468.0,7.0,7.0,440.0,472.0
570,598.0,468.0,7.0,7.0,602.0,472.0
571,78.0,654.0,7.0,7.0,82.0,658.0
572,46.0,176.0,7.0,7.0,50.0,180.0
573,496.0,280.0,7.0,7.0,500.0,284.0
574,666.0,189.0,7.0,7.0,670.0,192.0
575,634.0,736.0,7.0,7.0,638.0,740.0
576,398.0,208.0,7.0,7.0,402.0,212.0
577,510.0,770.0,7.0,7.0,514.0,774.0
578,336.0,176.0,7.0,7.0,340.0,180.0
579,592.0,716.0,7.0,7.0,596.0,720.0
580,430.0,599.0,7.0,7.0,434.0,602.0
581,214.0,734.0,7.0,7.0,218.0,738.0
582,694.0,592.0,7.0,7.0,698.0,596.0
583,280.0,588.0,7.0,7.0,284.0,592.0
584,101.0,558.0,7.0,7.0,104.0,562.0
585,768.0,570.0,7.0,7.0,772.0,574.0
586,360.0,474.0,7.0,7.0,364.0,478.0
587,281.0,204.0,7.0,7.0,284.0,208.0
588,544.0,634.0,7.0,7.0,548.0,638.0
589,90.0,148.0,7.0,7.0,94.0,152.0
590,270.0,60.0,7.0,7.0,274.0,64.0
591,556.0,58.0,7.0,7.0,560.0,62.0
592,394.0,501.0,7.0,7.0,398.0,504.0
593,325.0,592.0,7.0,7.0,328.0,596.0
594,776.0,318.0,7.0,7.0,780.0,322.0
595,62.0,244.0,7.0,7.0,66.0,248.0
596,360.0,654.0,7.0,7.0,364.0,658.0
597,480.0,619.0,7.0,7.0,484.0,622.0
598,304.0,58.0,7.0,7.0,308.0,62.0
599,274.0,320.0,7.0,7.0,278.0,324.0
600,236.0,738.0,7.0,7.0,240.0,742.0
601,316.0,620.0,7.0,7.0,320.0,624.0
602,318.0,782.0,7.0,7.0,322.0,786.0
603,606.0,256.0,7.0,7.0,610.0,260.0
604,218.0,378.0,7.0,7.0,222.0,382.0
605,520.0,378.0,7.0,7.0,524.0,382.0
606,622.0,56.0,7.0,7.0,626.0,60.0
607,457.0,1.0,7.0,7.0,460.0,4.0
608,0.0,62.0,7.0,7.0,4.0,66.0
609,313.0,374.0,7.0,7.0,316.0,378.0
610,280.0,404.0,7.0,7.0,284.0,408.0
611,328.0,72.0,7.0,7.0,332.0,76.0
612,788.0,70.0,7.0,7.0,792.0,74.0
613,54.0,70.0,7.0,7.0,58.0,74.0
614,301.0,18.0,7.0,7.0,304.0,22.0
615,308.0,316.0,7.0,7.0,312.0,320.0
616,120.0,318.0,7.0,7.0,124.0,322.0
617,30.0,392.0,7.0,7.0,34.0,396.0
618,72.0,70.0,7.0,7.0,76.0,74.0
619,612.0,396.0,7.0,7.0,616.0,400.0
620,608.0,616.0,7.0,7.0,612.0,620.0
621,592.0,264.0,7.0,7.0,596.0,268.0
622,136.0,64.0,7.0,7.0,140.0,68.0
623,758.0,392.0,7.0,7.0,762.0,396.0
624,374.0,279.0,7.0,7.0,378.0,282.0
625,26.0,664.0,7.0,7.0,30.0,668.0
626,366.0,185.0,7.0,7.0,370.0,188.0
627,113.0,786.0,7.0,7.0,116.0,790.0
628,558.0,50.0,7.0,7.0,562.0,54.0
629,436.0,376.0,7.0,7.0,440.0,380.0
630,160.0,28.0,7.0,7.0,164.0,32.0
631,494.0,354.0,7.0,7.0,498.0,358.0
632,684.0,162.0,7.0,7.0,688.0,166.0
633,568.0,20.0,7.0,7.0,572.0,24.0
634,548.0,352.0,7.0,7.0,552.0,356.0
635,306.0,644.0,7.0,7.0,310.0,648.0
636,774.0,644.0,7.0,7.0,778.0,648.0
637,616.0,30.0,7.0,7.0,620.0,34.0
638,684.0,358.0,7.0,7.0,688.0,362.0
639,556.0,640.0,7.0,7.0,560.0,644.0
640,134.0,332.0,7.0,7.0,138.0,336.0
641,418.0,340.0,7.0,7.0,422.0,344.0
642,354.0,6.0,7.0,7.0,358.0,10.0
643,394.0,638.0,7.0,7.0,398.0,642.0
644,312.0,336.0,7.0,7.0,316.0,340.0
645,326.0,338.0,7.0,7.0,330.0,342.0
646,574.0,640.0,7.0,7.0,578.0,644.0
647,510.0,50.0,7.0,7.0,514.0,54.0
648,498.0,769.0,7.0,7.0,502.0,772.0
649,488.0,32.0,7.0,7.0,492.0,36.0
650,408.0,376.0,7.0,7.0,412.0,380.0
651,518.0,656.0,7.0,7.0,522.0,660.0
652,12.0,624.0,7.0,7.0,16.0,628.0
653,474.0,46.0,7.0,7.0,478.0,50.0
654,564.0,238.0,7.0,7.0,568.0,242.0
655,559.0,239.0,7.0,7.0,562.0,242.0
656,220.0,650.0,7.0,7.0,224.0,654.0
657,142.0,324.0,7.0,7.0,146.0,328.0
658,60.0,44.0,7.0,7.0,64.0,48.0
659,670.0,40.0,7.0,7.0,674.0,44.0
660,568.0,626.0,7.0,7.0,572.0,630.0
661,174.0,36.0,7.0,7.0,178.0,40.0
662,528.0,34.0,7.0,7.0,532.0,38.0
663,706.0,362.0,7.0,7.0,710.0,366.0
664,484.0,652.0,7.0,7.0,488.0,656.0
665,654.0,366.0,7.0,7.0,658.0,370.0
666,89.0,768.0,7.0,7.0,92.0,772.0
667,134.0,242.0,7.0,7.0,138.0,246.0
668,270.0,312.0,7.0,7.0,274.0,316.0
669,588.0,122.0,7.0,7.0,592.0,126.0
670,638.0,676.0,7.0,7.0,642.0,680.0
671,193.0,745.0,7.0,7.0,196.0,748.0
672,580.0,120.0,7.0,7.0,584.0,124.0
673,668.0,116.0,7.0,7.0,672.0,120.0
674,14.0,262.0,7.0,7.0,18.0,266.0
675,422.0,116.0,7.0,7.0,426.0,120.0
676,170.0,114.0,7.0,7.0,174.0,118.0
677,90.0,108.0,7.0,7.0,94.0,112.0
678,28.0,106.0,7.0,7.0,32.0,110.0
679,49.0,425.0,7.0,7.0,52.0,428.0
680,352.0,430.0,7.0,7.0,356.0,434.0
681,144.0,126.0,7.0,7.0,148.0,130.0
682,366.0,440.0,7.0,7.0,370.0,444.0
683,584.0,686.0,7.0,7.0,588.0,690.0
684,244.0,234.0,7.0,7.0,248.0,238.0
685,650.0,142.0,7.0,7.0,654.0,146.0
686,578.0,140.0,7.0,7.0,582.0,144.0
687,494.0,444.0,7.0,7.0,498.0,448.0
688,106.0,140.0,7.0,7.0,110.0,144.0
689,312.0,236.0,7.0,7.0,316.0,240.0
690,368.0,680.0,7.0,7.0,372.0,684.0
691,526.0,444.0,7.0,7.0,530.0,448.0
692,548.0,680.0,7.0,7.0,552.0,684.0
693,226.0,680.0,7.0,7.0,230.0,684.0
694,792.0,746.0,7.0,7.0,796.0,750.0
695,441.0,780.0,7.0,7.0,444.0,784.0
696,110.0,132.0,7.0,7.0,114.0,136.0
697,40.0,602.0,7.0,7.0,44.0,606.0
698,168.0,424.0,7.0,7.0,172.0,428.0
699,522.0,606.0,7.0,7.0,526.0,610.0
700,476.0,540.0,7.0,7.0,480.0,544.0
701,171.0,581.0,7.0,7.0,174.0,584.0
702,80.0,74.0,7.0,7.0,84.0,78.0
703,308.0,92.0,7.0,7.0,312.0,96.0
704,436.0,94.0,7.0,7.0,440.0,98.0
705,232.0,88.0,7.0,7.0,236.0,92.0
706,212.0,717.0,7.0,7.0,216.0,720.0
707,470.0,90.0,7.0,7.0,474.0,94.0
708,194.0,82.0,7.0,7.0,198.0,86.0
709,65.0,92.0,7.0,7.0,68.0,96.0
710,712.0,88.0,7.0,7.0,716.0,92.0
711,712.0,670.0,7.0,7.0,716.0,674.0
712,280.0,610.0,7.0,7.0,284.0,614.0
713,726.0,240.0,7.0,7.0,730.0,244.0
714,90.0,608.0,7.0,7.0,94.0,612.0
715,328.0,102.0,7.0,7.0,332.0,106.0
716,360.0,314.0,7.0,7.0,364.0,318.0
717,582.0,96.0,7.0,7.0,586.0,100.0
718,102.0,614.0,7.0,7.0,106.0,618.0
719,696.0,682.0,8.0,8.0,700.0,686.0
720,525.0,222.0,8.0,8.0,529.0,226.0
721,739.0,646.0,8.0,8.0,743.0,650.0
722,103.0,662.0,8.0,8.0,107.0,666.0
723,452.0,646.0,8.0,8.0,456.0,650.0
724,204.0,646.0,8.0,8.0,208.0,650.0
725,684.0,680.0,8.0,8.0,688.0,684.0
726,432.0,735.0,8.0,8.0,436.0,739.0
727,550.0,648.0,8.0,8.0,554.0,652.0
728,686.0,222.0,8.0,8.0,690.0,226.0
729,479.0,709.0,8.0,8.0,483.0,713.0
730,728.0,738.0,8.0,8.0,732.0,742.0
731,264.0,740.0,8.0,8.0,268.0,744.0
732,24.0,644.0,8.0,8.0,28.0,648.0
733,94.0,637.0,8.0,8.0,98.0,641.0
734,476.0,233.0,8.0,8.0,480.0,237.0
735,444.0,744.0,8.0,8.0,448.0,748.0
736,748.0,666.0,8.0,8.0,752.0,670.0
737,331.0,234.0,8.0,8.0,335.0,238.0
738,251.0,744.0,8.0,8.0,255.0,748.0
739,82.0,686.0,8.0,8.0,86.0,690.0
740,494.0,742.0,8.0,8.0,498.0,746.0
741,528.0,684.0,8.0,8.0,532.0,688.0
742,229.0,222.0,8.0,8.0,233.0,226.0
743,476.0,684.0,8.0,8.0,480.0,688.0
744,762.0,740.0,8.0,8.0,766.0,744.0
745,83.0,641.0,8.0,8.0,87.0,645.0
746,131.0,227.0,8.0,8.0,135.0,231.0
747,438.0,667.0,8.0,8.0,442.0,671.0
748,254.0,666.0,8.0,8.0,258.0,670.0
749,585.0,668.0,8.0,8.0,589.0,672.0
750,642.0,231.0,8.0,8.0,646.0,235.0
751,178.0,710.0,8.0,8.0,182.0,714.0
752,203.0,656.0,8.0,8.0,207.0,660.0
753,94.0,230.0,8.0,8.0,98.0,234.0
754,228.0,657.0,8.0,8.0,232.0,661.0
755,66.0,230.0,8.0,8.0,70.0,234.0
756,756.0,226.0,8.0,8.0,760.0,230.0
757,511.0,657.0,8.0,8.0,515.0,661.0
758,662.0,712.0,8.0,8.0,666.0,716.0
759,320.0,713.0,8.0,8.0,324.0,717.0
760,470.0,697.0,8.0,8.0,474.0,701.0
761,538.0,673.0,8.0,8.0,542.0,677.0
762,241.0,658.0,8.0,8.0,245.0,662.0
763,183.0,698.0,8.0,8.0,187.0,702.0
764,360.0,714.0,8.0,8.0,364.0,718.0
765,378.0,714.0,8.0,8.0,382.0,718.0
766,237.0,702.0,8.0,8.0,241.0,706.0
767,54.0,246.0,8.0,8.0,58.0,250.0
768,443.0,694.0,8.0,8.0,447.0,698.0
769,704.0,720.0,8.0,8.0,708.0,724.0
770,150.0,247.0,8.0,8.0,154.0,251.0
771,78.0,666.0,8.0,8.0,82.0,670.0
772,736.0,678.0,8.0,8.0,740.0,682.0
773,668.0,732.0,8.0,8.0,672.0,736.0
774,719.0,671.0,8.0,8.0,723.0,675.0
775,466.0,702.0,8.0,8.0,470.0,706.0
776,370.0,235.0,8.0,8.0,374.0,239.0
777,402.0,234.0,8.0,8.0,406.0,238.0
778,594.0,248.0,8.0,8.0,598.0,252.0
779,240.0,731.0,8.0,8.0,244.0,735.0
780,589.0,235.0,8.0,8.0,593.0,239.0
781,696.0,227.0,8.0,8.0,700.0,231.0
782,156.0,725.0,8.0,8.0,160.0,729.0
783,238.0,723.0,8.0,8.0,242.0,727.0
784,35.0,666.0,8.0,8.0,39.0,670.0
785,746.0,722.0,8.0,8.0,750.0,726.0
786,38.0,227.0,8.0,8.0,42.0,231.0
787,496.0,241.0,8.0,8.0,500.0,245.0
788,187.0,242.0,8.0,8.0,191.0,246.0
789,222.0,337.0,8.0,8.0,226.0,341.0
790,459.0,750.0,8.0,8.0,463.0,754.0
791,608.0,103.0,8.0,8.0,612.0,107.0
792,590.0,102.0,8.0,8.0,594.0,106.0
793,550.0,100.0,8.0,8.0,554.0,104.0
794,691.0,99.0,8.0,8.0,695.0,103.0
795,224.0,98.0,8.0,8.0,228.0,102.0
796,110.0,98.0,8.0,8.0,114.0,102.0
797,247.0,106.0,8.0,8.0,251.0,110.0
798,178.0,277.0,8.0,8.0,182.0,281.0
799,240.0,84.0,8.0,8.0,244.0,88.0
800,288.0,82.0,8.0,8.0,292.0,86.0
801,553.0,80.0,8.0,8.0,557.0,84.0
802,134.0,635.0,8.0,8.0,138.0,639.0
803,705.0,75.0,8.0,8.0,709.0,79.0
804,370.0,74.0,8.0,8.0,374.0,78.0
805,532.0,86.0,8.0,8.0,536.0,90.0
806,705.0,109.0,8.0,8.0,709.0,113.0
807,323.0,112.0,8.0,8.0,327.0,116.0
808,9.0,121.0,8.0,8.0,13.0,125.0
809,718.0,141.0,8.0,8.0,722.0,145.0
810,42.0,139.0,8.0,8.0,46.0,143.0
811,166.0,137.0,8.0,8.0,170.0,141.0
812,790.0,136.0,8.0,8.0,794.0,140.0
813,276.0,136.0,8.0,8.0,280.0,140.0
814,495.0,134.0,8.0,8.0,499.0,138.0
815,56.0,135.0,8.0,8.0,60.0,139.0
816,337.0,131.0,8.0,8.0,341.0,135.0
817,315.0,131.0,8.0,8.0,319.0,135.0
818,398.0,129.0,8.0,8.0,402.0,133.0
819,237.0,128.0,8.0,8.0,241.0,132.0
820,259.0,126.0,8.0,8.0,263.0,130.0
821,42.0,123.0,8.0,8.0,46.0,127.0
822,220.0,122.0,8.0,8.0,224.0,126.0
823,36.0,73.0,8.0,8.0,40.0,77.0
824,572.0,72.0,8.0,8.0,576.0,76.0
825,7.0,69.0,8.0,8.0,11.0,73.0
826,456.0,66.0,8.0,8.0,460.0,70.0
827,418.0,30.0,8.0,8.0,422.0,34.0
828,457.0,765.0,8.0,8.0,461.0,769.0
829,151.0,29.0,8.0,8.0,155.0,33.0
830,604.0,19.0,8.0,8.0,608.0,23.0
831,470.0,18.0,8.0,8.0,474.0,22.0
832,514.0,16.0,8.0,8.0,518.0,20.0
833,88.0,16.0,8.0,8.0,92.0,20.0
834,223.0,15.0,8.0,8.0,227.0,19.0
835,416.0,14.0,8.0,8.0,420.0,18.0
836,711.0,12.0,8.0,8.0,715.0,16.0
837,452.0,6.0,8.0,8.0,456.0,10.0
838,686.0,5.0,8.0,8.0,690.0,9.0
839,119.0,2.0,8.0,8.0,123.0,6.0
840,493.0,612.0,8.0,8.0,497.0,616.0
841,564.0,142.0,8.0,8.0,568.0,146.0
842,586.0,33.0,8.0,8.0,590.0,37.0
843,192.0,48.0,8.0,8.0,196.0,52.0
844,273.0,64.0,8.0,8.0,277.0,68.0
845,710.0,63.0,8.0,8.0,714.0,67.0
846,195.0,62.0,8.0,8.0,199.0,66.0
847,651.0,58.0,8.0,8.0,655.0,62.0
848,338.0,612.0,8.0,8.0,342.0,616.0
849,493.0,56.0,8.0,8.0,497.0,60.0
850,260.0,56.0,8.0,8.0,264.0,60.0
851,710.0,55.0,8.0,8.0,714.0,59.0
852,766.0,53.0,8.0,8.0,770.0,57.0
853,310.0,50.0,8.0,8.0,314.0,54.0
854,70.0,50.0,8.0,8.0,74.0,54.0
855,742.0,50.0,8.0,8.0,746.0,54.0
856,524.0,50.0,8.0,8.0,528.0,54.0
857,585.0,48.0,8.0,8.0,589.0,52.0
858,535.0,38.0,8.0,8.0,539.0,42.0
859,749.0,746.0,8.0,8.0,753.0,750.0
860,747.0,144.0,8.0,8.0,751.0,148.0
861,455.0,147.0,8.0,8.0,459.0,151.0
862,790.0,774.0,8.0,8.0,794.0,778.0
863,101.0,776.0,8.0,8.0,105.0,780.0
864,412.0,776.0,8.0,8.0,416.0,780.0
865,96.0,207.0,8.0,8.0,100.0,211.0
866,736.0,784.0,8.0,8.0,740.0,788.0
867,771.0,786.0,8.0,8.0,775.0,790.0
868,124.0,775.0,8.0,8.0,128.0,779.0
869,77.0,788.0,8.0,8.0,81.0,792.0
870,449.0,70.0,8.0,8.0,453.0,74.0
871,617.0,138.0,8.0,8.0,621.0,142.0
872,45.0,184.0,8.0,8.0,49.0,188.0
873,96.0,194.0,8.0,8.0,100.0,198.0
874,16.0,790.0,8.0,8.0,20.0,794.0
875,433.0,774.0,8.0,8.0,437.0,778.0
876,740.0,208.0,8.0,8.0,744.0,212.0
877,600.0,772.0,8.0,8.0,604.0,776.0
878,536.0,215.0,8.0,8.0,540.0,219.0
879,228.0,215.0,8.0,8.0,232.0,219.0
880,353.0,213.0,8.0,8.0,357.0,217.0
881,361.0,756.0,8.0,8.0,365.0,760.0
882,700.0,210.0,8.0,8.0,704.0,214.0
883,623.0,758.0,8.0,8.0,627.0,762.0
884,5.0,760.0,8.0,8.0,9.0,764.0
885,232.0,760.0,8.0,8.0,236.0,764.0
886,112.0,762.0,8.0,8.0,116.0,766.0
887,430.0,210.0,8.0,8.0,434.0,214.0
888,660.0,761.0,8.0,8.0,664.0,765.0
889,335.0,769.0,8.0,8.0,339.0,773.0
890,765.0,768.0,8.0,8.0,769.0,772.0
891,52.0,770.0,8.0,8.0,56.0,774.0
892,610.0,770.0,8.0,8.0,614.0,774.0
893,49.0,190.0,8.0,8.0,53.0,194.0
894,342.0,226.0,8.0,8.0,346.0,230.0
895,704.0,228.0,8.0,8.0,708.0,232.0
896,92.0,188.0,8.0,8.0,96.0,192.0
897,385.0,766.0,8.0,8.0,389.0,770.0
898,680.0,170.0,8.0,8.0,684.0,174.0
899,776.0,786.0,8.0,8.0,780.0,790.0
900,468.0,170.0,8.0,8.0,472.0,174.0
901,56.0,448.0,8.0,8.0,60.0,452.0
902,51.0,448.0,8.0,8.0,55.0,452.0
903,34.0,14.0,8.0,8.0,38.0,18.0
904,10.0,168.0,8.0,8.0,14.0,172.0
905,408.0,164.0,8.0,8.0,412.0,168.0
906,784.0,160.0,8.0,8.0,788.0,164.0
907,429.0,151.0,8.0,8.0,433.0,155.0
908,232.0,148.0,8.0,8.0,236.0,152.0
909,776.0,144.0,8.0,8.0,780.0,148.0
910,296.0,652.0,8.0,8.0,300.0,656.0
911,695.0,179.0,8.0,8.0,699.0,183.0
912,434.0,187.0,8.0,8.0,438.0,191.0
913,745.0,278.0,8.0,8.0,749.0,282.0
914,288.0,282.0,8.0,8.0,292.0,286.0
915,316.0,306.0,8.0,8.0,320.0,310.0
916,208.0,186.0,8.0,8.0,212.0,190.0
917,114.0,319.0,8.0,8.0,118.0,323.0
918,295.0,320.0,8.0,8.0,299.0,324.0
919,36.0,186.0,8.0,8.0,40.0,190.0
920,447.0,344.0,8.0,8.0,451.0,348.0
921,450.0,350.0,8.0,8.0,454.0,354.0
922,-1.0,186.0,8.0,8.0,3.0,190.0
923,34.0,401.0,8.0,8.0,38.0,405.0
924,730.0,623.0,8.0,8.0,734.0,627.0
925,504.0,721.0,8.0,8.0,508.0,725.0
926,234.0,774.0,8.0,8.0,238.0,778.0
927,118.0,421.0,8.0,8.0,122.0,425.0
928,588.0,415.0,8.0,8.0,592.0,419.0
929,496.0,416.0,8.0,8.0,500.0,420.0
930,62.0,416.0,8.0,8.0,66.0,420.0
931,786.0,417.0,8.0,8.0,790.0,421.0
932,727.0,272.0,8.0,8.0,731.0,276.0
933,765.0,485.0,8.0,8.0,769.0,489.0
934,138.0,420.0,8.0,8.0,142.0,424.0
935,735.0,556.0,8.0,8.0,739.0,560.0
936,514.0,423.0,8.0,8.0,518.0,427.0
937,292.0,425.0,8.0,8.0,296.0,429.0
938,114.0,427.0,8.0,8.0,118.0,431.0
939,293.0,314.0,8.0,8.0,297.0,318.0
940,298.0,426.0,8.0,8.0,302.0,430.0
941,501.0,426.0,8.0,8.0,505.0,430.0
942,545.0,548.0,8.0,8.0,549.0,552.0
943,584.0,273.0,8.0,8.0,588.0,277.0
944,200.0,549.0,8.0,8.0,204.0,553.0
945,283.0,312.0,8.0,8.0,287.0,316.0
946,227.0,428.0,8.0,8.0,231.0,432.0
947,590.0,428.0,8.0,8.0,594.0,432.0
948,81.0,544.0,8.0,8.0,85.0,548.0
949,234.0,430.0,8.0,8.0,238.0,434.0
950,690.0,541.0,8.0,8.0,694.0,545.0
951,489.0,540.0,8.0,8.0,493.0,544.0
952,53.0,552.0,8.0,8.0,57.0,556.0
953,597.0,432.0,8.0,8.0,601.0,436.0
954,563.0,566.0,8.0,8.0,567.0,570.0
955,16.0,568.0,8.0,8.0,20.0,572.0
956,137.0,320.0,8.0,8.0,141.0,324.0
957,109.0,592.0,8.0,8.0,113.0,596.0
958,389.0,388.0,8.0,8.0,393.0,392.0
959,394.0,392.0,8.0,8.0,398.0,396.0
960,630.0,391.0,8.0,8.0,634.0,395.0
961,319.0,394.0,8.0,8.0,323.0,398.0
962,416.0,395.0,8.0,8.0,420.0,399.0
963,202.0,589.0,8.0,8.0,206.0,593.0
964,39.0,398.0,8.0,8.0,43.0,402.0
965,331.0,398.0,8.0,8.0,335.0,402.0
966,570.0,398.0,8.0,8.0,574.0,402.0
967,447.0,412.0,8.0,8.0,451.0,416.0
968,1.0,584.0,8.0,8.0,5.0,588.0
969,674.0,265.0,8.0,8.0,678.0,269.0
970,260.0,316.0,8.0,8.0,264.0,320.0
971,222.0,406.0,8.0,8.0,226.0,410.0
972,729.0,406.0,8.0,8.0,733.0,410.0
973,352.0,408.0,8.0,8.0,356.0,412.0
974,653.0,578.0,8.0,8.0,657.0,582.0
975,379.0,408.0,8.0,8.0,383.0,412.0
976,285.0,574.0,8.0,8.0,289.0,578.0
977,669.0,408.0,8.0,8.0,673.0,412.0
978,358.0,268.0,8.0,8.0,362.0,272.0
979,486.0,409.0,8.0,8.0,490.0,413.0
980,578.0,582.0,8.0,8.0,582.0,586.0
981,336.0,593.0,8.0,8.0,340.0,597.0
982,714.0,434.0,8.0,8.0,718.0,438.0
983,554.0,535.0,8.0,8.0,558.0,539.0
984,450.0,504.0,8.0,8.0,454.0,508.0
985,227.0,464.0,8.0,8.0,231.0,468.0
986,252.0,301.0,8.0,8.0,256.0,305.0
987,27.0,466.0,8.0,8.0,31.0,470.0
988,352.0,465.0,8.0,8.0,356.0,469.0
989,604.0,467.0,8.0,8.0,608.0,471.0
990,234.0,297.0,8.0,8.0,238.0,301.0
991,526.0,467.0,8.0,8.0,530.0,471.0
992,411.0,499.0,8.0,8.0,415.0,503.0
993,740.0,470.0,8.0,8.0,744.0,474.0
994,786.0,470.0,8.0,8.0,790.0,474.0
995,23.0,302.0,8.0,8.0,27.0,306.0
996,493.0,472.0,8.0,8.0,497.0,476.0
997,454.0,492.0,8.0,8.0,458.0,496.0
998,45.0,476.0,8.0,8.0,49.0,480.0
999,671.0,489.0,8.0,8.0,675.0,493.0
1000,140.0,293.0,8.0,8.0,144.0,297.0
1001,310.0,290.0,8.0,8.0,314.0,294.0
1002,561.0,290.0,8.0,8.0,565.0,294.0
1003,510.0,290.0,8.0,8.0,514.0,294.0
1004,110.0,290.0,8.0,8.0,114.0,294.0
1005,349.0,488.0,8.0,8.0,353.0,492.0
1006,496.0,487.0,8.0,8.0,500.0,491.0
1007,413.0,486.0,8.0,8.0,417.0,490.0
1008,33.0,475.0,8.0,8.0,37.0,479.0
1009,760.0,435.0,8.0,8.0,764.0,439.0
1010,712.0,460.0,8.0,8.0,716.0,464.0
1011,28.0,284.0,8.0,8.0,32.0,288.0
1012,265.0,309.0,8.0,8.0,269.0,313.0
1013,760.0,532.0,8.0,8.0,764.0,536.0
1014,532.0,444.0,8.0,8.0,536.0,448.0
1015,612.0,530.0,8.0,8.0,616.0,534.0
1016,604.0,443.0,8.0,8.0,608.0,447.0
1017,476.0,444.0,8.0,8.0,480.0,448.0
1018,638.0,446.0,8.0,8.0,642.0,450.0
1019,661.0,447.0,8.0,8.0,665.0,451.0
1020,8.0,521.0,8.0,8.0,12.0,525.0
1021,124.0,306.0,8.0,8.0,128.0,310.0
1022,284.0,508.0,8.0,8.0,288.0,512.0
1023,304.0,519.0,8.0,8.0,308.0,523.0
1024,481.0,305.0,8.0,8.0,485.0,309.0
1025,318.0,515.0,8.0,8.0,322.0,519.0
1026,80.0,453.0,8.0,8.0,84.0,457.0
1027,446.0,453.0,8.0,8.0,450.0,457.0
1028,123.0,454.0,8.0,8.0,127.0,458.0
1029,790.0,455.0,8.0,8.0,794.0,459.0
1030,438.0,455.0,8.0,8.0,442.0,459.0
1031,598.0,456.0,8.0,8.0,602.0,460.0
1032,252.0,457.0,8.0,8.0,256.0,461.0
1033,350.0,458.0,8.0,8.0,354.0,462.0
1034,653.0,459.0,8.0,8.0,657.0,463.0
1035,496.0,516.0,8.0,8.0,500.0,520.0
1036,712.0,592.0,8.0,8.0,716.0,596.0
1037,250.0,288.0,8.0,8.0,254.0,292.0
1038,500.0,348.0,8.0,8.0,504.0,352.0
1039,308.0,349.0,8.0,8.0,312.0,353.0
1040,684.0,326.0,8.0,8.0,688.0,330.0
1041,1.0,358.0,8.0,8.0,5.0,362.0
1042,460.0,377.0,8.0,8.0,464.0,381.0
1043,348.0,348.0,8.0,8.0,352.0,352.0
1044,644.0,254.0,8.0,8.0,648.0,258.0
1045,109.0,630.0,8.0,8.0,113.0,634.0
1046,276.0,631.0,8.0,8.0,280.0,635.0
1047,6.0,256.0,8.0,8.0,10.0,260.0
1048,446.0,338.0,8.0,8.0,450.0,342.0
1049,716.0,604.0,8.0,8.0,720.0,608.0
1050,345.0,256.0,8.0,8.0,349.0,260.0
1051,513.0,332.0,8.0,8.0,517.0,336.0
1052,387.0,257.0,8.0,8.0,391.0,261.0
1053,110.0,360.0,8.0,8.0,114.0,364.0
1054,349.0,368.0,8.0,8.0,353.0,372.0
1055,699.0,360.0,8.0,8.0,703.0,364.0
1056,699.0,326.0,8.0,8.0,703.0,330.0
1057,242.0,363.0,8.0,8.0,246.0,367.0
1058,12.0,613.0,8.0,8.0,16.0,617.0
1059,429.0,366.0,8.0,8.0,433.0,370.0
1060,74.0,615.0,8.0,8.0,78.0,619.0
1061,770.0,605.0,8.0,8.0,774.0,609.0
1062,746.0,338.0,8.0,8.0,750.0,342.0
1063,42.0,359.0,8.0,8.0,46.0,363.0
1064,320.0,354.0,8.0,8.0,324.0,358.0
1065,508.0,337.0,8.0,8.0,512.0,341.0
1066,792.0,595.0,8.0,8.0,796.0,599.0
1067,90.0,601.0,8.0,8.0,94.0,605.0
1068,616.0,604.0,8.0,8.0,620.0,608.0
1069,309.0,380.0,8.0,8.0,313.0,384.0
1070,142.0,635.0,8.0,8.0,146.0,639.0
1071,12.0,352.0,8.0,8.0,16.0,356.0
1072,643.0,382.0,8.0,8.0,647.0,386.0
1073,749.0,761.0,9.0,9.0,754.0,766.0
1074,270.0,325.0,9.0,9.0,274.0,330.0
1075,223.0,661.0,9.0,9.0,228.0,666.0
1076,393.0,221.0,9.0,9.0,398.0,226.0
1077,271.0,741.0,9.0,9.0,276.0,746.0
1078,703.0,143.0,9.0,9.0,708.0,148.0
1079,308.0,629.0,9.0,9.0,312.0,634.0
1080,567.0,113.0,9.0,9.0,572.0,118.0
1081,595.0,649.0,9.0,9.0,600.0,654.0
1082,467.0,325.0,9.0,9.0,472.0,330.0
1083,229.0,739.0,9.0,9.0,234.0,744.0
1084,181.0,257.0,9.0,9.0,186.0,262.0
1085,301.0,737.0,9.0,9.0,306.0,742.0
1086,582.0,428.0,9.0,9.0,586.0,432.0
1087,791.0,553.0,9.0,9.0,796.0,558.0
1088,351.0,241.0,9.0,9.0,356.0,246.0
1089,69.0,633.0,9.0,9.0,74.0,638.0
1090,487.0,145.0,9.0,9.0,492.0,150.0
1091,471.0,791.0,9.0,9.0,476.0,796.0
1092,71.0,732.0,9.0,9.0,76.0,736.0
1093,561.0,347.0,9.0,9.0,566.0,352.0
1094,573.0,557.0,9.0,9.0,578.0,562.0
1095,553.0,643.0,9.0,9.0,558.0,648.0
1096,385.0,649.0,9.0,9.0,390.0,654.0
1097,654.0,168.0,9.0,9.0,658.0,172.0
1098,395.0,449.0,9.0,9.0,400.0,454.0
1099,87.0,115.0,9.0,9.0,92.0,120.0
1100,271.0,357.0,9.0,9.0,276.0,362.0
1101,689.0,357.0,9.0,9.0,694.0,362.0
1102,249.0,135.0,9.0,9.0,254.0,140.0
1103,225.0,154.0,9.0,9.0,230.0,158.0
1104,597.0,275.0,9.0,9.0,602.0,280.0
1105,279.0,155.0,9.0,9.0,284.0,160.0
1106,231.0,509.0,9.0,9.0,236.0,514.0
1107,721.0,441.0,9.0,9.0,726.0,446.0
1108,-0.0,275.0,8.0,8.0,4.0,280.0
1109,719.0,131.0,9.0,9.0,724.0,136.0
1110,673.0,207.0,9.0,9.0,678.0,212.0
1111,537.0,151.0,9.0,9.0,542.0,156.0
1112,787.0,441.0,9.0,9.0,792.0,446.0
1113,541.0,781.0,9.0,9.0,546.0,786.0
1114,371.0,781.0,9.0,9.0,376.0,786.0
1115,583.0,621.0,9.0,9.0,588.0,626.0
1116,417.0,437.0,9.0,9.0,422.0,442.0
1117,207.0,347.0,9.0,9.0,212.0,352.0
1118,615.0,459.0,9.0,9.0,620.0,464.0
1119,329.0,349.0,9.0,9.0,334.0,354.0
1120,353.0,785.0,9.0,9.0,358.0,790.0
1121,155.0,749.0,9.0,9.0,160.0,754.0
1122,567.0,785.0,9.0,9.0,572.0,790.0
1123,563.0,309.0,9.0,9.0,568.0,314.0
1124,451.0,273.0,9.0,9.0,456.0,278.0
1125,625.0,27.0,9.0,9.0,630.0,32.0
1126,504.0,745.0,9.0,9.0,508.0,750.0
1127,615.0,647.0,9.0,9.0,620.0,652.0
1128,17.0,449.0,9.0,9.0,22.0,454.0
1129,357.0,509.0,9.0,9.0,362.0,514.0
1130,745.0,612.0,9.0,9.0,750.0,616.0
1131,463.0,126.0,9.0,9.0,468.0,130.0
1132,50.0,338.0,9.0,9.0,54.0,342.0
1133,537.0,481.0,9.0,9.0,542.0,486.0
1134,13.0,173.0,9.0,9.0,18.0,178.0
1135,111.0,393.0,9.0,9.0,116.0,398.0
1136,658.0,81.0,9.0,9.0,662.0,86.0
1137,639.0,65.0,9.0,9.0,644.0,70.0
1138,179.0,1.0,9.0,9.0,184.0,6.0
1139,559.0,80.0,9.0,9.0,564.0,84.0
1140,776.0,266.0,9.0,9.0,780.0,270.0
1141,65.0,585.0,9.0,9.0,70.0,590.0
1142,98.0,600.0,9.0,9.0,102.0,604.0
1143,419.0,605.0,9.0,9.0,424.0,610.0
1144,272.0,193.0,9.0,9.0,276.0,198.0
1145,495.0,371.0,9.0,9.0,500.0,376.0
1146,107.0,558.0,9.0,9.0,112.0,562.0
1147,23.0,651.0,9.0,9.0,28.0,656.0
1148,21.0,697.0,9.0,9.0,26.0,702.0
1149,393.0,3.0,9.0,9.0,398.0,8.0
1150,595.0,293.0,9.0,9.0,600.0,298.0
1151,155.0,489.0,9.0,9.0,160.0,494.0
1152,751.0,475.0,9.0,9.0,756.0,480.0
1153,303.0,715.0,9.0,9.0,308.0,720.0
1154,283.0,85.0,9.0,9.0,288.0,90.0
1155,427.0,83.0,9.0,9.0,432.0,88.0
1156,555.0,403.0,9.0,9.0,560.0,408.0
1157,751.0,557.0,9.0,9.0,756.0,562.0
1158,19.0,177.0,9.0,9.0,24.0,182.0
1159,601.0,41.0,9.0,9.0,606.0,46.0
1160,740.0,201.0,9.0,9.0,744.0,206.0
1161,267.0,413.0,9.0,9.0,272.0,418.0
1162,85.0,591.0,9.0,9.0,90.0,596.0
1163,245.0,39.0,9.0,9.0,250.0,44.0
1164,273.0,283.0,9.0,9.0,278.0,288.0
1165,275.0,387.0,9.0,9.0,280.0,392.0
1166,254.0,673.0,9.0,9.0,258.0,678.0
1167,515.0,557.0,9.0,9.0,520.0,562.0
1168,665.0,381.0,9.0,9.0,670.0,386.0
1169,73.0,689.0,9.0,9.0,78.0,694.0
1170,667.0,249.0,9.0,9.0,672.0,254.0
1171,107.0,189.0,9.0,9.0,112.0,194.0
1172,355.0,639.0,9.0,9.0,360.0,644.0
1173,285.0,723.0,9.0,9.0,290.0,728.0
1174,564.0,183.0,10.0,10.0,569.0,188.0
1175,409.0,184.0,10.0,10.0,414.0,189.0
1176,594.0,395.0,10.0,10.0,599.0,400.0
1177,193.0,0.0,10.0,10.0,198.0,5.0
1178,535.0,292.0,10.0,10.0,540.0,297.0
1179,615.0,303.0,10.0,10.0,620.0,308.0
1180,786.0,1.0,10.0,10.0,791.0,6.0
1181,223.0,456.0,10.0,10.0,228.0,461.0
1182,643.0,185.0,10.0,10.0,648.0,190.0
1183,690.0,291.0,10.0,10.0,695.0,296.0
1184,330.0,2.0,10.0,10.0,335.0,7.0
1185,625.0,153.0,10.0,10.0,630.0,158.0
1186,565.0,147.0,10.0,10.0,570.0,152.0
1187,614.0,449.0,10.0,10.0,619.0,454.0
1188,452.0,289.0,10.0,10.0,457.0,294.0
1189,456.0,350.0,10.0,10.0,461.0,355.0
1190,317.0,289.0,10.0,10.0,322.0,294.0
1191,573.0,478.0,10.0,10.0,578.0,483.0
1192,106.0,18.0,10.0,10.0,111.0,23.0
1193,27.0,173.0,10.0,10.0,32.0,178.0
1194,791.0,476.0,10.0,10.0,796.0,481.0
1195,165.0,461.0,10.0,10.0,170.0,466.0
1196,507.0,7.0,10.0,10.0,512.0,12.0
1197,208.0,296.0,10.0,10.0,213.0,301.0
1198,631.0,341.0,10.0,10.0,636.0,346.0
1199,402.0,301.0,10.0,10.0,407.0,306.0
1200,255.0,461.0,10.0,10.0,260.0,466.0
1201,624.0,467.0,10.0,10.0,629.0,472.0
1202,737.0,341.0,10.0,10.0,742.0,346.0
1203,719.0,299.0,10.0,10.0,724.0,304.0
1204,779.0,462.0,10.0,10.0,784.0,467.0
1205,694.0,14.0,10.0,10.0,699.0,19.0
1206,791.0,173.0,10.0,10.0,796.0,178.0
1207,489.0,466.0,10.0,10.0,494.0,471.0
1208,147.0,173.0,10.0,10.0,152.0,178.0
1209,569.0,347.0,10.0,10.0,574.0,352.0
1210,281.0,327.0,10.0,10.0,286.0,332.0
1211,435.0,459.0,10.0,10.0,440.0,464.0
1212,55.0,595.0,10.0,10.0,60.0,600.0
1213,194.0,159.0,10.0,10.0,199.0,164.0
1214,19.0,161.0,10.0,10.0,24.0,166.0
1215,763.0,293.0,10.0,10.0,768.0,298.0
1216,205.0,165.0,10.0,10.0,210.0,170.0
1217,473.0,438.0,10.0,10.0,478.0,443.0
1218,315.0,348.0,10.0,10.0,320.0,353.0
1219,264.0,179.0,10.0,10.0,269.0,184.0
1220,262.0,477.0,10.0,10.0,267.0,482.0
1221,731.0,459.0,10.0,10.0,736.0,464.0
1222,123.0,473.0,10.0,10.0,128.0,478.0
1223,364.0,459.0,10.0,10.0,369.0,464.0
1224,127.0,333.0,10.0,10.0,132.0,338.0
1225,741.0,347.0,10.0,10.0,746.0,352.0
1226,701.0,585.0,10.0,10.0,706.0,590.0
1227,725.0,339.0,10.0,10.0,730.0,344.0
1228,724.0,525.0,10.0,10.0,729.0,530.0
1229,610.0,145.0,10.0,10.0,615.0,150.0
1230,492.0,383.0,10.0,10.0,497.0,388.0
1231,571.0,449.0,10.0,10.0,576.0,454.0
1232,413.0,73.0,10.0,10.0,418.0,78.0
1233,745.0,405.0,10.0,10.0,750.0,410.0
1234,314.0,77.0,10.0,10.0,319.0,82.0
1235,507.0,76.0,10.0,10.0,512.0,81.0
1236,775.0,47.0,10.0,10.0,780.0,52.0
1237,27.0,79.0,10.0,10.0,32.0,84.0
1238,352.0,371.0,10.0,10.0,357.0,376.0
1239,612.0,10.0,10.0,10.0,617.0,15.0
1240,322.0,372.0,10.0,10.0,327.0,377.0
1241,465.0,79.0,10.0,10.0,470.0,84.0
1242,223.0,372.0,10.0,10.0,228.0,377.0
1243,521.0,369.0,10.0,10.0,526.0,374.0
1244,577.0,407.0,10.0,10.0,582.0,412.0
1245,138.0,82.0,10.0,10.0,143.0,87.0
1246,277.0,411.0,10.0,10.0,282.0,416.0
1247,625.0,85.0,10.0,10.0,630.0,90.0
1248,127.0,86.0,10.0,10.0,132.0,91.0
1249,451.0,87.0,10.0,10.0,456.0,92.0
1250,249.0,367.0,10.0,10.0,254.0,372.0
1251,75.0,411.0,10.0,10.0,80.0,416.0
1252,519.0,87.0,10.0,10.0,524.0,92.0
1253,153.0,411.0,10.0,10.0,158.0,416.0
1254,65.0,44.0,10.0,10.0,70.0,49.0
1255,101.0,73.0,10.0,10.0,106.0,78.0
1256,109.0,313.0,10.0,10.0,114.0,318.0
1257,589.0,372.0,10.0,10.0,594.0,377.0
1258,760.0,405.0,10.0,10.0,765.0,410.0
1259,579.0,381.0,10.0,10.0,584.0,386.0
1260,483.0,57.0,10.0,10.0,488.0,62.0
1261,280.0,787.0,10.0,10.0,285.0,792.0
1262,710.0,387.0,10.0,10.0,715.0,392.0
1263,45.0,59.0,10.0,10.0,50.0,64.0
1264,328.0,389.0,10.0,10.0,333.0,394.0
1265,532.0,389.0,10.0,10.0,537.0,394.0
1266,173.0,61.0,10.0,10.0,178.0,66.0
1267,569.0,391.0,10.0,10.0,574.0,396.0
1268,445.0,395.0,10.0,10.0,450.0,400.0
1269,20.0,397.0,10.0,10.0,25.0,402.0
1270,617.0,65.0,10.0,10.0,622.0,70.0
1271,543.0,377.0,10.0,10.0,548.0,382.0
1272,283.0,54.0,10.0,10.0,288.0,59.0
1273,223.0,52.0,10.0,10.0,228.0,57.0
1274,505.0,69.0,10.0,10.0,510.0,74.0
1275,442.0,69.0,10.0,10.0,447.0,74.0
1276,192.0,53.0,10.0,10.0,197.0,58.0
1277,424.0,401.0,10.0,10.0,429.0,406.0
1278,544.0,50.0,10.0,10.0,549.0,55.0
1279,672.0,401.0,10.0,10.0,677.0,406.0
1280,411.0,403.0,10.0,10.0,416.0,408.0
1281,784.0,403.0,10.0,10.0,789.0,408.0
1282,249.0,376.0,10.0,10.0,254.0,381.0
1283,782.0,350.0,10.0,10.0,787.0,355.0
1284,55.0,91.0,10.0,10.0,60.0,96.0
1285,774.0,417.0,10.0,10.0,779.0,422.0
1286,653.0,306.0,10.0,10.0,658.0,311.0
1287,577.0,125.0,10.0,10.0,582.0,130.0
1288,467.0,129.0,10.0,10.0,472.0,134.0
1289,559.0,437.0,10.0,10.0,564.0,442.0
1290,519.0,306.0,10.0,10.0,524.0,311.0
1291,494.0,306.0,10.0,10.0,499.0,311.0
1292,71.0,443.0,10.0,10.0,76.0,448.0
1293,104.0,443.0,10.0,10.0,109.0,448.0
1294,201.0,443.0,10.0,10.0,206.0,448.0
1295,691.0,27.0,10.0,10.0,696.0,32.0
1296,382.0,229.0,10.0,10.0,387.0,234.0
1297,377.0,444.0,10.0,10.0,382.0,449.0
1298,448.0,444.0,10.0,10.0,453.0,449.0
1299,401.0,139.0,10.0,10.0,406.0,144.0
1300,235.0,353.0,10.0,10.0,240.0,358.0
1301,358.0,284.0,10.0,10.0,363.0,289.0
1302,590.0,353.0,10.0,10.0,595.0,358.0
1303,403.0,353.0,10.0,10.0,408.0,358.0
1304,681.0,139.0,10.0,10.0,686.0,144.0
1305,726.0,351.0,10.0,10.0,731.0,356.0
1306,249.0,449.0,10.0,10.0,254.0,454.0
1307,294.0,142.0,10.0,10.0,299.0,147.0
1308,345.0,382.0,10.0,10.0,350.0,387.0
1309,399.0,93.0,10.0,10.0,404.0,98.0
1310,380.0,125.0,10.0,10.0,385.0,130.0
1311,195.0,125.0,10.0,10.0,200.0,130.0
1312,635.0,418.0,10.0,10.0,640.0,423.0
1313,421.0,97.0,10.0,10.0,426.0,102.0
1314,381.0,364.0,10.0,10.0,386.0,369.0
1315,211.0,102.0,10.0,10.0,216.0,107.0
1316,656.0,101.0,10.0,10.0,661.0,106.0
1317,465.0,103.0,10.0,10.0,470.0,108.0
1318,435.0,421.0,10.0,10.0,440.0,426.0
1319,459.0,36.0,10.0,10.0,464.0,41.0
1320,218.0,35.0,10.0,10.0,223.0,40.0
1321,90.0,423.0,10.0,10.0,95.0,428.0
1322,674.0,105.0,10.0,10.0,679.0,110.0
1323,162.0,35.0,10.0,10.0,167.0,40.0
1324,75.0,33.0,10.0,10.0,80.0,38.0
1325,561.0,427.0,10.0,10.0,566.0,432.0
1326,713.0,425.0,10.0,10.0,718.0,430.0
1327,475.0,109.0,10.0,10.0,480.0,114.0
1328,326.0,31.0,10.0,10.0,331.0,36.0
1329,64.0,429.0,10.0,10.0,69.0,434.0
1330,131.0,116.0,10.0,10.0,136.0,121.0
1331,412.0,119.0,10.0,10.0,417.0,124.0
1332,404.0,309.0,10.0,10.0,409.0,314.0
1333,569.0,125.0,10.0,10.0,574.0,130.0
1334,767.0,124.0,10.0,10.0,772.0,129.0
1335,20.0,309.0,10.0,10.0,25.0,314.0
1336,450.0,119.0,10.0,10.0,455.0,124.0
1337,770.0,758.0,10.0,10.0,775.0,763.0
1338,559.0,281.0,10.0,10.0,564.0,286.0
1339,731.0,773.0,10.0,10.0,736.0,778.0
1340,485.0,614.0,10.0,10.0,490.0,619.0
1341,79.0,336.0,10.0,10.0,84.0,341.0
1342,17.0,516.0,10.0,10.0,22.0,521.0
1343,465.0,723.0,10.0,10.0,470.0,728.0
1344,760.0,773.0,10.0,10.0,765.0,778.0
1345,769.0,280.0,10.0,10.0,774.0,285.0
1346,242.0,615.0,10.0,10.0,247.0,620.0
1347,527.0,519.0,10.0,10.0,532.0,524.0
1348,405.0,665.0,10.0,10.0,410.0,670.0
1349,7.0,727.0,10.0,10.0,12.0,732.0
1350,345.0,207.0,10.0,10.0,350.0,212.0
1351,327.0,635.0,10.0,10.0,332.0,640.0
1352,13.0,770.0,10.0,10.0,18.0,775.0
1353,551.0,279.0,10.0,10.0,556.0,284.0
1354,574.0,521.0,10.0,10.0,579.0,526.0
1355,776.0,771.0,10.0,10.0,781.0,776.0
1356,347.0,722.0,10.0,10.0,352.0,727.0
1357,55.0,612.0,10.0,10.0,60.0,617.0
1358,392.0,239.0,10.0,10.0,397.0,244.0
1359,407.0,268.0,10.0,10.0,412.0,273.0
1360,600.0,508.0,10.0,10.0,605.0,513.0
1361,197.0,261.0,10.0,10.0,202.0,266.0
1362,603.0,605.0,10.0,10.0,608.0,610.0
1363,607.0,239.0,10.0,10.0,612.0,244.0
1364,398.0,783.0,10.0,10.0,403.0,788.0
1365,206.0,247.0,10.0,10.0,211.0,252.0
1366,513.0,779.0,10.0,10.0,518.0,784.0
1367,593.0,225.0,10.0,10.0,598.0,230.0
1368,88.0,779.0,10.0,10.0,93.0,784.0
1369,83.0,670.0,10.0,10.0,88.0,675.0
1370,104.0,507.0,10.0,10.0,109.0,512.0
1371,707.0,207.0,10.0,10.0,712.0,212.0
1372,21.0,560.0,10.0,10.0,26.0,565.0
1373,655.0,239.0,10.0,10.0,660.0,244.0
1374,309.0,777.0,10.0,10.0,314.0,782.0
1375,766.0,775.0,10.0,10.0,771.0,780.0
1376,541.0,773.0,10.0,10.0,546.0,778.0
1377,112.0,723.0,10.0,10.0,117.0,728.0
1378,79.0,732.0,10.0,10.0,84.0,737.0
1379,488.0,507.0,10.0,10.0,493.0,512.0
1380,319.0,657.0,10.0,10.0,324.0,662.0
1381,119.0,223.0,10.0,10.0,124.0,228.0
1382,753.0,543.0,10.0,10.0,758.0,548.0
1383,319.0,212.0,10.0,10.0,324.0,217.0
1384,289.0,219.0,10.0,10.0,294.0,224.0
1385,317.0,743.0,10.0,10.0,322.0,748.0
1386,621.0,211.0,10.0,10.0,626.0,216.0
1387,119.0,631.0,10.0,10.0,124.0,636.0
1388,337.0,216.0,10.0,10.0,342.0,221.0
1389,371.0,643.0,10.0,10.0,376.0,648.0
1390,210.0,643.0,10.0,10.0,215.0,648.0
1391,93.0,535.0,10.0,10.0,98.0,540.0
1392,83.0,539.0,10.0,10.0,88.0,544.0
1393,376.0,744.0,10.0,10.0,381.0,749.0
1394,120.0,247.0,10.0,10.0,125.0,252.0
1395,187.0,215.0,10.0,10.0,192.0,220.0
1396,489.0,214.0,10.0,10.0,494.0,219.0
1397,721.0,646.0,10.0,10.0,726.0,651.0
1398,75.0,648.0,10.0,10.0,80.0,653.0
1399,98.0,253.0,10.0,10.0,103.0,258.0
1400,33.0,248.0,10.0,10.0,38.0,253.0
1401,339.0,273.0,10.0,10.0,344.0,278.0
1402,54.0,741.0,10.0,10.0,59.0,746.0
1403,67.0,625.0,10.0,10.0,72.0,630.0
1404,525.0,243.0,10.0,10.0,530.0,248.0
1405,741.0,762.0,10.0,10.0,746.0,767.0
1406,428.0,279.0,10.0,10.0,433.0,284.0
1407,655.0,731.0,10.0,10.0,660.0,736.0
1408,109.0,251.0,10.0,10.0,114.0,256.0
1409,635.0,221.0,10.0,10.0,640.0,226.0
1410,362.0,621.0,10.0,10.0,367.0,626.0
1411,523.0,555.0,10.0,10.0,528.0,560.0
1412,452.0,760.0,10.0,10.0,457.0,765.0
1413,504.0,529.0,10.0,10.0,509.0,534.0
1414,191.0,275.0,10.0,10.0,196.0,280.0
1415,433.0,633.0,10.0,10.0,438.0,638.0
1416,378.0,655.0,10.0,10.0,383.0,660.0
1417,553.0,209.0,10.0,10.0,558.0,214.0
1418,301.0,631.0,10.0,10.0,306.0,636.0
1419,165.0,737.0,10.0,10.0,170.0,742.0
1420,401.0,222.0,10.0,10.0,406.0,227.0
1421,36.0,739.0,10.0,10.0,41.0,744.0
1422,69.0,549.0,10.0,10.0,74.0,554.0
1423,690.0,765.0,10.0,10.0,695.0,770.0
1424,262.0,713.0,10.0,10.0,267.0,718.0
1425,318.0,647.0,10.0,10.0,323.0,652.0
1426,637.0,489.0,10.0,10.0,642.0,494.0
1427,553.0,261.0,10.0,10.0,558.0,266.0
1428,612.0,262.0,10.0,10.0,617.0,267.0
1429,441.0,675.0,10.0,10.0,446.0,680.0
1430,717.0,711.0,10.0,10.0,722.0,716.0
1431,739.0,497.0,10.0,10.0,744.0,502.0
1432,589.0,589.0,10.0,10.0,594.0,594.0
1433,69.0,498.0,10.0,10.0,74.0,503.0
1434,65.0,591.0,10.0,10.0,70.0,596.0
1435,639.0,198.0,10.0,10.0,644.0,203.0
1436,295.0,707.0,10.0,10.0,300.0,712.0
1437,404.0,693.0,10.0,10.0,409.0,698.0
1438,419.0,706.0,10.0,10.0,424.0,711.0
1439,271.0,202.0,10.0,10.0,276.0,207.0
1440,659.0,27.0,10.0,10.0,664.0,32.0
1441,16.0,673.0,10.0,10.0,21.0,678.0
1442,659.0,189.0,10.0,10.0,664.0,194.0
1443,788.0,225.0,10.0,10.0,793.0,230.0
1444,597.0,707.0,10.0,10.0,602.0,712.0
1445,323.0,703.0,10.0,10.0,328.0,708.0
1446,486.0,701.0,10.0,10.0,491.0,706.0
1447,781.0,489.0,10.0,10.0,786.0,494.0
1448,757.0,592.0,10.0,10.0,762.0,597.0
1449,89.0,262.0,10.0,10.0,94.0,267.0
1450,369.0,264.0,10.0,10.0,374.0,269.0
1451,600.0,592.0,10.0,10.0,605.0,597.0
1452,155.0,263.0,10.0,10.0,160.0,268.0
1453,302.0,679.0,10.0,10.0,307.0,684.0
1454,335.0,581.0,10.0,10.0,340.0,586.0
1455,347.0,701.0,10.0,10.0,352.0,706.0
1456,140.0,229.0,10.0,10.0,145.0,234.0
1457,497.0,285.0,10.0,10.0,502.0,290.0
1458,249.0,702.0,10.0,10.0,254.0,707.0
1459,747.0,599.0,10.0,10.0,752.0,604.0
1460,1.0,261.0,10.0,10.0,6.0,266.0
1461,697.0,687.0,10.0,10.0,702.0,692.0
1462,143.0,495.0,10.0,10.0,148.0,500.0
1463,69.0,708.0,10.0,10.0,74.0,713.0
1464,677.0,175.0,10.0,10.0,682.0,180.0
1465,4.0,203.0,10.0,10.0,9.0,208.0
1466,321.0,187.0,10.0,10.0,326.0,192.0
1467,337.0,505.0,10.0,10.0,342.0,510.0
1468,291.0,505.0,10.0,10.0,296.0,510.0
1469,219.0,282.0,10.0,10.0,224.0,287.0
1470,233.0,789.0,10.0,10.0,238.0,794.0
1471,529.0,787.0,10.0,10.0,534.0,792.0
1472,761.0,790.0,10.0,10.0,766.0,795.0
1473,772.0,589.0,10.0,10.0,777.0,594.0
1474,25.0,589.0,10.0,10.0,30.0,594.0
1475,448.0,787.0,10.0,10.0,453.0,792.0
1476,517.0,499.0,10.0,10.0,522.0,504.0
1477,129.0,691.0,10.0,10.0,134.0,696.0
1478,621.0,790.0,10.0,10.0,626.0,795.0
1479,341.0,488.0,10.0,10.0,346.0,493.0
1480,517.0,507.0,10.0,10.0,522.0,512.0
1481,102.0,693.0,10.0,10.0,107.0,698.0
1482,609.0,673.0,10.0,10.0,614.0,678.0
1483,87.0,195.0,10.0,10.0,92.0,200.0
1484,539.0,501.0,10.0,10.0,544.0,506.0
1485,162.0,2.0,10.0,10.0,167.0,7.0
1486,596.0,236.0,10.0,10.0,601.0,241.0
1487,742.0,265.0,10.0,10.0,747.0,270.0
1488,497.0,691.0,10.0,10.0,502.0,696.0
1489,63.0,786.0,10.0,10.0,68.0,791.0
1490,71.0,-1.0,10.0,10.0,76.0,4.0
1491,443.0,202.0,10.0,10.0,448.0,207.0
1492,489.0,568.0,10.0,10.0,494.0,573.0
1493,301.0,505.0,10.0,10.0,306.0,510.0
1494,749.0,203.0,10.0,10.0,754.0,208.0
1495,607.0,205.0,10.0,10.0,612.0,210.0
1496,747.0,503.0,10.0,10.0,752.0,508.0
1497,622.0,567.0,10.0,10.0,627.0,572.0
1498,36.0,426.0,11.0,11.0,42.0,432.0
1499,474.0,384.0,11.0,11.0,480.0,390.0
1500,414.0,386.0,11.0,11.0,420.0,392.0
1501,372.0,626.0,11.0,11.0,378.0,632.0
1502,440.0,114.0,11.0,11.0,446.0,120.0
1503,464.0,688.0,11.0,11.0,470.0,694.0
1504,347.0,589.0,11.0,11.0,352.0,594.0
1505,666.0,56.0,11.0,11.0,672.0,62.0
1506,248.0,691.0,11.0,11.0,254.0,696.0
1507,226.0,118.0,11.0,11.0,232.0,124.0
1508,702.0,566.0,11.0,11.0,708.0,572.0
1509,490.0,675.0,11.0,11.0,496.0,680.0
1510,88.0,382.0,11.0,11.0,94.0,388.0
1511,760.0,82.0,11.0,11.0,766.0,88.0
1512,328.0,670.0,11.0,11.0,334.0,676.0
1513,585.0,166.0,11.0,11.0,590.0,172.0
1514,92.0,670.0,11.0,11.0,98.0,676.0
1515,708.0,366.0,11.0,11.0,714.0,372.0
1516,384.0,224.0,11.0,11.0,390.0,230.0
1517,362.0,366.0,11.0,11.0,368.0,372.0
1518,218.0,716.0,11.0,11.0,224.0,722.0
1519,548.0,86.0,11.0,11.0,554.0,92.0
1520,126.0,562.0,11.0,11.0,132.0,568.0
1521,427.0,372.0,11.0,11.0,432.0,378.0
1522,666.0,312.0,11.0,11.0,672.0,318.0
1523,360.0,736.0,11.0,11.0,366.0,742.0
1524,354.0,322.0,11.0,11.0,360.0,328.0
1525,434.0,614.0,11.0,11.0,440.0,620.0
1526,130.0,726.0,11.0,11.0,136.0,732.0
1527,602.0,578.0,11.0,11.0,608.0,584.0
1528,468.0,256.0,11.0,11.0,474.0,262.0
1529,650.0,556.0,11.0,11.0,656.0,562.0
1530,662.0,372.0,11.0,11.0,668.0,378.0
1531,738.0,418.0,11.0,11.0,744.0,424.0
1532,594.0,676.0,11.0,11.0,600.0,682.0
1533,236.0,378.0,11.0,11.0,242.0,384.0
1534,674.0,700.0,11.0,11.0,680.0,706.0
1535,774.0,398.0,11.0,11.0,780.0,404.0
1536,606.0,554.0,11.0,11.0,612.0,560.0
1537,396.0,36.0,11.0,11.0,402.0,42.0
1538,230.0,476.0,11.0,11.0,236.0,482.0
1539,788.0,34.0,11.0,11.0,794.0,40.0
1540,560.0,214.0,11.0,11.0,566.0,220.0
1541,742.0,632.0,11.0,11.0,748.0,638.0
1542,394.0,520.0,11.0,11.0,400.0,526.0
1543,288.0,0.0,11.0,11.0,294.0,6.0
1544,604.0,334.0,11.0,11.0,610.0,340.0
1545,276.0,140.0,11.0,11.0,282.0,146.0
1546,50.0,142.0,11.0,11.0,56.0,148.0
1547,482.0,280.0,11.0,11.0,488.0,286.0
1548,640.0,450.0,11.0,11.0,646.0,456.0
1549,322.0,454.0,11.0,11.0,328.0,460.0
1550,8.0,154.0,11.0,11.0,14.0,160.0
1551,286.0,118.0,11.0,11.0,292.0,124.0
1552,62.0,204.0,11.0,11.0,68.0,210.0
1553,352.0,164.0,11.0,11.0,358.0,170.0
1554,472.0,164.0,11.0,11.0,478.0,170.0
1555,264.0,462.0,11.0,11.0,270.0,468.0
1556,290.0,174.0,11.0,11.0,296.0,180.0
1557,360.0,174.0,11.0,11.0,366.0,180.0
1558,38.0,192.0,11.0,11.0,44.0,198.0
1559,156.0,178.0,11.0,11.0,162.0,184.0
1560,112.0,292.0,11.0,11.0,118.0,298.0
1561,26.0,400.0,11.0,11.0,32.0,406.0
1562,182.0,180.0,11.0,11.0,188.0,186.0
1563,478.0,180.0,11.0,11.0,484.0,186.0
1564,266.0,488.0,11.0,11.0,272.0,494.0
1565,474.0,190.0,11.0,11.0,480.0,196.0
1566,684.0,248.0,11.0,11.0,690.0,254.0
1567,684.0,632.0,11.0,11.0,690.0,638.0
1568,58.0,456.0,11.0,11.0,64.0,462.0
1569,508.0,248.0,11.0,11.0,514.0,254.0
1570,516.0,272.0,11.0,11.0,522.0,278.0
1571,472.0,430.0,11.0,11.0,478.0,436.0
1572,224.0,309.0,11.0,11.0,230.0,314.0
1573,782.0,532.0,11.0,11.0,788.0,538.0
1574,686.0,442.0,11.0,11.0,692.0,448.0
1575,648.0,754.0,11.0,11.0,654.0,760.0
1576,192.0,532.0,11.0,11.0,198.0,538.0
1577,600.0,128.0,11.0,11.0,606.0,134.0
1578,422.0,10.0,11.0,11.0,428.0,16.0
1579,526.0,60.0,11.0,11.0,532.0,66.0
1580,732.0,132.0,11.0,11.0,738.0,138.0
1581,692.0,636.0,11.0,11.0,698.0,642.0
1582,524.0,4.0,11.0,11.0,530.0,10.0
1583,485.0,131.0,11.0,11.0,490.0,136.0
1584,223.0,644.0,12.0,12.0,229.0,650.0
1585,162.0,247.0,12.0,12.0,168.0,253.0
1586,136.0,604.0,12.0,12.0,142.0,610.0
1587,658.0,652.0,12.0,12.0,664.0,658.0
1588,227.0,489.0,12.0,12.0,233.0,495.0
1589,179.0,486.0,12.0,12.0,185.0,492.0
1590,687.0,472.0,12.0,12.0,693.0,478.0
1591,148.0,376.0,12.0,12.0,154.0,382.0
1592,655.0,464.0,12.0,12.0,661.0,470.0
1593,80.0,435.0,12.0,12.0,86.0,441.0
1594,259.0,632.0,12.0,12.0,265.0,638.0
1595,190.0,673.0,12.0,12.0,196.0,679.0
1596,431.0,604.0,12.0,12.0,437.0,610.0
1597,459.0,409.0,12.0,12.0,465.0,415.0
1598,104.0,476.0,12.0,12.0,110.0,482.0
1599,752.0,763.0,12.0,12.0,758.0,769.0
1600,403.0,767.0,12.0,12.0,409.0,773.0
1601,484.0,433.0,12.0,12.0,490.0,439.0
1602,114.0,232.0,12.0,12.0,120.0,238.0
1603,789.0,160.0,12.0,12.0,795.0,166.0
1604,142.0,646.0,12.0,12.0,148.0,652.0
1605,638.0,396.0,12.0,12.0,644.0,402.0
1606,496.0,654.0,12.0,12.0,502.0,660.0
1607,311.0,608.0,12.0,12.0,317.0,614.0
1608,674.0,3.0,12.0,12.0,680.0,9.0
1609,271.0,624.0,12.0,12.0,277.0,630.0
1610,155.0,590.0,12.0,12.0,161.0,596.0
1611,547.0,785.0,12.0,12.0,553.0,791.0
1612,448.0,251.0,12.0,12.0,454.0,257.0
1613,16.0,776.0,12.0,12.0,22.0,782.0
1614,295.0,329.0,12.0,12.0,301.0,335.0
1615,287.0,349.0,12.0,12.0,293.0,355.0
1616,493.0,32.0,12.0,12.0,499.0,38.0
1617,88.0,216.0,12.0,12.0,94.0,222.0
1618,304.0,355.0,12.0,12.0,310.0,361.0
1619,602.0,75.0,12.0,12.0,608.0,81.0
1620,415.0,59.0,12.0,12.0,421.0,65.0
1621,610.0,59.0,12.0,12.0,616.0,65.0
1622,337.0,345.0,12.0,12.0,343.0,351.0
1623,29.0,52.0,12.0,12.0,35.0,58.0
1624,608.0,23.0,12.0,12.0,614.0,29.0
1625,495.0,19.0,12.0,12.0,501.0,25.0
1626,547.0,31.0,12.0,12.0,553.0,37.0
1627,0.0,640.0,12.0,12.0,6.0,646.0
1628,565.0,36.0,12.0,12.0,571.0,42.0
1629,447.0,474.0,12.0,12.0,453.0,480.0
1630,434.0,286.0,12.0,12.0,440.0,292.0
1631,420.0,638.0,12.0,12.0,426.0,644.0
1632,445.0,615.0,12.0,12.0,451.0,621.0
1633,675.0,300.0,12.0,12.0,681.0,306.0
1634,364.0,88.0,12.0,12.0,370.0,94.0
1635,487.0,92.0,12.0,12.0,493.0,98.0
1636,129.0,292.0,12.0,12.0,135.0,298.0
1637,398.0,282.0,12.0,12.0,404.0,288.0
1638,267.0,270.0,12.0,12.0,273.0,276.0
1639,509.0,352.0,12.0,12.0,515.0,358.0
1640,240.0,196.0,12.0,12.0,246.0,202.0
1641,351.0,194.0,12.0,12.0,357.0,200.0
1642,584.0,11.0,12.0,12.0,590.0,17.0
1643,363.0,187.0,12.0,12.0,369.0,193.0
1644,7.0,185.0,12.0,12.0,13.0,191.0
1645,505.0,153.0,12.0,12.0,511.0,159.0
1646,717.0,151.0,12.0,12.0,723.0,157.0
1647,16.0,618.0,12.0,12.0,22.0,624.0
1648,519.0,143.0,12.0,12.0,525.0,149.0
1649,120.0,139.0,12.0,12.0,126.0,145.0
1650,780.0,321.0,12.0,12.0,786.0,327.0
1651,267.0,636.0,12.0,12.0,273.0,642.0
1652,452.0,208.0,12.0,12.0,458.0,214.0
1653,273.0,435.0,12.0,12.0,279.0,441.0
1654,103.0,171.0,12.0,12.0,109.0,177.0
1655,572.0,82.0,12.0,12.0,578.0,88.0
1656,420.0,754.0,12.0,12.0,426.0,760.0
1657,686.0,530.0,12.0,12.0,692.0,536.0
1658,372.0,300.0,12.0,12.0,378.0,306.0
1659,168.0,493.0,12.0,12.0,174.0,499.0
1660,178.0,131.0,12.0,12.0,184.0,137.0
1661,584.0,82.0,12.0,12.0,590.0,88.0
1662,350.0,301.0,12.0,12.0,356.0,307.0
1663,196.0,558.0,12.0,12.0,202.0,564.0
1664,464.0,0.0,12.0,12.0,470.0,6.0
1665,395.0,55.0,12.0,12.0,401.0,61.0
1666,452.0,532.0,12.0,12.0,458.0,538.0
1667,470.0,412.0,12.0,12.0,476.0,418.0
1668,273.0,557.0,12.0,12.0,279.0,563.0
1669,96.0,165.0,12.0,12.0,102.0,171.0
1670,225.0,272.0,12.0,12.0,231.0,278.0
1671,498.0,740.0,12.0,12.0,504.0,746.0
1672,224.0,416.0,12.0,12.0,230.0,422.0
1673,144.0,429.0,12.0,12.0,150.0,435.0
1674,150.0,116.0,12.0,12.0,156.0,122.0
1675,690.0,781.0,12.0,12.0,696.0,787.0
1676,638.0,633.0,12.0,12.0,644.0,639.0
1677,533.0,723.0,12.0,12.0,539.0,729.0
1678,332.0,166.0,12.0,12.0,338.0,172.0
1679,580.0,532.0,12.0,12.0,586.0,538.0
1680,8.0,275.0,12.0,12.0,14.0,281.0
1681,396.0,710.0,12.0,12.0,402.0,716.0
1682,438.0,226.0,12.0,12.0,444.0,232.0
1683,721.0,514.0,12.0,12.0,727.0,520.0
1684,620.0,584.0,12.0,12.0,626.0,590.0
1685,388.0,708.0,12.0,12.0,394.0,714.0
1686,666.0,384.0,12.0,12.0,672.0,390.0
1687,472.0,398.0,12.0,12.0,478.0,404.0
1688,389.0,774.0,12.0,12.0,395.0,780.0
1689,88.0,394.0,12.0,12.0,94.0,400.0
1690,322.0,496.0,12.0,12.0,328.0,502.0
1691,522.0,690.0,12.0,12.0,528.0,696.0
1692,452.0,301.0,12.0,12.0,458.0,307.0
1693,456.0,704.0,12.0,12.0,462.0,710.0
1694,140.0,140.0,12.0,12.0,146.0,146.0
1695,429.0,304.0,12.0,12.0,435.0,310.0
1696,376.0,76.0,12.0,12.0,382.0,82.0
1697,124.0,355.0,13.0,13.0,130.0,362.0
1698,737.0,785.0,13.0,13.0,744.0,792.0
1699,337.0,366.0,13.0,13.0,344.0,372.0
1700,740.0,178.0,13.0,13.0,746.0,184.0
1701,591.0,753.0,13.0,13.0,598.0,760.0
1702,39.0,337.0,13.0,13.0,46.0,344.0
1703,487.0,249.0,13.0,13.0,494.0,256.0
1704,242.0,286.0,13.0,13.0,248.0,292.0
1705,493.0,751.0,13.0,13.0,500.0,758.0
1706,188.0,95.0,13.0,13.0,194.0,102.0
1707,660.0,764.0,13.0,13.0,666.0,770.0
1708,651.0,114.0,13.0,13.0,658.0,120.0
1709,589.0,635.0,13.0,13.0,596.0,642.0
1710,295.0,455.0,13.0,13.0,302.0,462.0
1711,248.0,771.0,13.0,13.0,254.0,778.0
1712,42.0,198.0,13.0,13.0,48.0,204.0
1713,431.0,702.0,13.0,13.0,438.0,708.0
1714,459.0,578.0,13.0,13.0,466.0,584.0
1715,280.0,227.0,13.0,13.0,286.0,234.0
1716,521.0,253.0,13.0,13.0,528.0,260.0
1717,693.0,397.0,13.0,13.0,700.0,404.0
1718,271.0,294.0,13.0,13.0,278.0,300.0
1719,576.0,416.0,13.0,13.0,582.0,422.0
1720,29.0,163.0,13.0,13.0,36.0,170.0
1721,599.0,562.0,13.0,13.0,606.0,568.0
1722,343.0,497.0,14.0,14.0,350.0,504.0
1723,614.0,724.0,14.0,14.0,621.0,731.0
1724,558.0,27.0,14.0,14.0,565.0,34.0
1725,572.0,273.0,14.0,14.0,579.0,280.0
1726,223.0,446.0,14.0,14.0,230.0,453.0
1727,283.0,671.0,14.0,14.0,290.0,678.0
1728,713.0,484.0,14.0,14.0,720.0,491.0
1729,744.0,98.0,14.0,14.0,751.0,105.0
1730,175.0,540.0,14.0,14.0,182.0,547.0
1731,15.0,143.0,14.0,14.0,22.0,150.0
1732,609.0,494.0,14.0,14.0,616.0,501.0
1733,6.0,324.0,14.0,14.0,13.0,331.0
1734,76.0,45.0,14.0,14.0,83.0,52.0
1735,765.0,467.0,14.0,14.0,772.0,474.0
1736,669.0,438.0,14.0,14.0,676.0,445.0
1737,393.0,143.0,14.0,14.0,400.0,150.0
1738,322.0,775.0,14.0,14.0,329.0,782.0
1739,-1.0,249.0,14.0,14.0,6.0,256.0
1740,189.0,447.0,14.0,14.0,196.0,454.0
1741,165.0,55.0,14.0,14.0,172.0,62.0
1742,785.0,690.0,14.0,14.0,792.0,697.0
1743,745.0,279.0,14.0,14.0,752.0,286.0
1744,567.0,231.0,14.0,14.0,574.0,238.0
1745,597.0,179.0,14.0,14.0,604.0,186.0
1746,423.0,327.0,14.0,14.0,430.0,334.0
1747,197.0,401.0,14.0,14.0,204.0,408.0
1748,551.0,313.0,14.0,14.0,558.0,320.0
1749,502.0,703.0,14.0,14.0,509.0,710.0
1750,436.0,239.0,14.0,14.0,443.0,246.0
1751,352.0,643.0,14.0,14.0,359.0,650.0
1752,60.0,325.0,14.0,14.0,67.0,332.0
1753,145.0,360.0,14.0,14.0,152.0,367.0
1754,470.0,311.0,14.0,14.0,477.0,318.0
1755,713.0,659.0,14.0,14.0,720.0,666.0
1756,704.0,219.0,14.0,14.0,711.0,226.0
1757,635.0,584.0,14.0,14.0,642.0,591.0
1758,327.0,657.0,14.0,14.0,334.0,664.0
1759,493.0,182.0,14.0,14.0,500.0,189.0
1760,113.0,363.0,14.0,14.0,120.0,370.0
1761,690.0,650.0,14.0,14.0,697.0,657.0
1762,571.0,91.0,14.0,14.0,578.0,98.0
1763,696.0,273.0,14.0,14.0,703.0,280.0
1764,271.0,536.0,14.0,14.0,278.0,543.0
1765,293.0,128.0,14.0,14.0,300.0,135.0
1766,756.0,640.0,14.0,14.0,763.0,647.0
1767,639.0,747.0,14.0,14.0,646.0,754.0
1768,764.0,519.0,14.0,14.0,771.0,526.0
1769,531.0,485.0,14.0,14.0,538.0,492.0
1770,68.0,249.0,14.0,14.0,75.0,256.0
1771,99.0,631.0,15.0,15.0,106.0,638.0
1772,61.0,756.0,15.0,15.0,68.0,764.0
1773,95.0,277.0,15.0,15.0,102.0,284.0
1774,7.0,449.0,15.0,15.0,14.0,456.0
1775,440.0,261.0,15.0,15.0,448.0,268.0
1776,342.0,729.0,15.0,15.0,350.0,736.0
1777,641.0,46.0,15.0,15.0,648.0,54.0
1778,94.0,354.0,15.0,15.0,102.0,362.0
1779,485.0,464.0,15.0,15.0,492.0,472.0
1780,728.0,518.0,15.0,15.0,736.0,526.0
1781,612.0,476.0,15.0,15.0,620.0,484.0
1782,214.0,70.0,15.0,15.0,222.0,78.0
1783,578.0,362.0,15.0,15.0,586.0,370.0
1784,34.0,760.0,15.0,15.0,42.0,768.0
1785,504.0,228.0,15.0,15.0,512.0,236.0
1786,338.0,410.0,15.0,15.0,346.0,418.0
1787,224.0,388.0,15.0,15.0,232.0,396.0
1788,715.0,315.0,15.0,15.0,722.0,322.0
1789,100.0,220.0,15.0,15.0,108.0,228.0
1790,665.0,566.0,15.0,15.0,672.0,574.0
1791,486.0,74.0,16.0,16.0,494.0,82.0
1792,718.0,615.0,16.0,16.0,726.0,623.0
1793,758.0,572.0,16.0,16.0,766.0,580.0
1794,233.0,308.0,16.0,16.0,241.0,316.0
1795,99.0,266.0,16.0,16.0,107.0,274.0
1796,366.0,712.0,16.0,16.0,374.0,720.0
1797,166.0,399.0,16.0,16.0,174.0,407.0
1798,176.0,320.0,16.0,16.0,184.0,328.0
1799,436.0,361.0,16.0,16.0,444.0,369.0
1800,700.0,553.0,16.0,16.0,708.0,561.0
1801,652.0,86.0,16.0,16.0,660.0,94.0
1802,772.0,555.0,16.0,16.0,780.0,563.0
1803,334.0,299.0,16.0,16.0,342.0,307.0
1804,311.0,243.0,16.0,16.0,319.0,251.0
1805,469.0,228.0,16.0,16.0,477.0,236.0
1806,344.0,24.0,16.0,16.0,352.0,32.0
1807,677.0,221.0,16.0,16.0,685.0,229.0
1808,145.0,699.0,16.0,16.0,153.0,707.0
1809,0.0,430.0,16.0,16.0,8.0,438.0
1810,503.0,748.0,16.0,16.0,511.0,756.0
1811,345.0,585.0,16.0,16.0,353.0,593.0
1812,746.0,476.0,16.0,16.0,754.0,484.0
1813,710.0,778.0,16.0,16.0,718.0,786.0
1814,83.0,282.0,16.0,16.0,91.0,290.0
1815,15.0,69.0,16.0,16.0,23.0,77.0
1816,167.0,91.0,16.0,16.0,175.0,99.0
1817,349.0,72.0,16.0,16.0,357.0,80.0
1818,534.0,114.0,16.0,16.0,542.0,122.0
1819,190.0,485.0,16.0,16.0,198.0,493.0
1820,241.0,349.0,16.0,16.0,249.0,357.0
1821,688.0,715.0,16.0,16.0,696.0,723.0
1822,517.0,1.0,16.0,16.0,525.0,9.0
1823,331.0,784.0,16.0,16.0,339.0,792.0
1824,161.0,274.0,16.0,16.0,169.0,282.0
1825,358.0,407.0,17.0,17.0,366.0,416.0
1826,516.0,466.0,17.0,17.0,524.0,474.0
1827,368.0,380.0,17.0,17.0,376.0,388.0
1828,389.0,357.0,17.0,17.0,398.0,366.0
1829,210.0,465.0,17.0,17.0,218.0,474.0
1830,578.0,482.0,17.0,17.0,586.0,490.0
1831,103.0,203.0,17.0,17.0,112.0,212.0
1832,29.0,637.0,17.0,17.0,38.0,646.0
1833,96.0,600.0,17.0,17.0,104.0,608.0
1834,688.0,304.0,17.0,17.0,696.0,312.0
1835,608.0,213.0,17.0,17.0,616.0,222.0
1836,144.0,77.0,17.0,17.0,152.0,86.0
1837,14.0,411.0,17.0,17.0,22.0,420.0
1838,157.0,199.0,17.0,17.0,166.0,208.0
1839,611.0,384.0,17.0,17.0,620.0,392.0
1840,164.0,237.0,17.0,17.0,172.0,246.0
1841,149.0,474.0,18.0,18.0,158.0,483.0
1842,264.0,766.0,18.0,18.0,273.0,775.0
1843,466.0,758.0,18.0,18.0,475.0,767.0
1844,659.0,742.0,18.0,18.0,668.0,751.0
1845,688.0,453.0,18.0,18.0,697.0,462.0
1846,156.0,557.0,18.0,18.0,165.0,566.0
1847,100.0,771.0,18.0,18.0,109.0,780.0
1848,355.0,588.0,18.0,18.0,364.0,597.0
1849,270.0,452.0,18.0,18.0,279.0,461.0
1850,483.0,39.0,18.0,18.0,492.0,48.0
1851,221.0,753.0,18.0,18.0,230.0,762.0
1852,329.0,79.0,18.0,18.0,338.0,88.0
1853,740.0,686.0,18.0,18.0,749.0,695.0
1854,362.0,354.0,18.0,18.0,371.0,363.0
1855,120.0,390.0,18.0,18.0,129.0,399.0
1856,776.0,318.0,18.0,18.0,785.0,327.0
1857,621.0,465.0,18.0,18.0,630.0,474.0
1858,388.0,53.0,18.0,18.0,397.0,62.0
1859,765.0,497.0,18.0,18.0,774.0,506.0
1860,268.0,113.0,18.0,18.0,277.0,122.0
1861,270.0,18.0,18.0,18.0,279.0,27.0
1862,89.0,419.0,18.0,18.0,98.0,428.0
1863,379.0,83.0,18.0,18.0,388.0,92.0
1864,34.0,616.0,19.0,19.0,44.0,626.0
1865,475.0,777.0,19.0,19.0,484.0,786.0
1866,659.0,532.0,19.0,19.0,668.0,542.0
1867,191.0,755.0,19.0,19.0,200.0,764.0
1868,580.0,142.0,19.0,19.0,590.0,152.0
1869,389.0,65.0,19.0,19.0,398.0,74.0
1870,590.0,684.0,19.0,19.0,600.0,694.0
1871,146.0,259.0,19.0,19.0,156.0,268.0
1872,388.0,179.0,19.0,19.0,398.0,188.0
1873,240.0,152.0,20.0,20.0,250.0,162.0
1874,434.0,750.0,20.0,20.0,444.0,760.0
1875,436.0,4.0,20.0,20.0,446.0,14.0
1876,124.0,0.0,20.0,20.0,134.0,10.0
1877,399.0,737.0,20.0,20.0,409.0,747.0
1878,270.0,680.0,20.0,20.0,280.0,690.0
1879,467.0,481.0,20.0,20.0,477.0,491.0
1880,494.0,440.0,20.0,20.0,504.0,450.0
1881,447.0,285.0,20.0,20.0,457.0,295.0
1882,700.0,212.0,20.0,20.0,710.0,222.0
1883,187.0,44.0,20.0,20.0,197.0,54.0
1884,470.0,187.0,20.0,20.0,480.0,197.0
1885,292.0,451.0,20.0,20.0,302.0,461.0
1886,16.0,349.0,20.0,20.0,26.0,359.0
1887,42.0,551.0,21.0,21.0,52.0,562.0
1888,289.0,271.0,21.0,21.0,300.0,282.0
1889,29.0,752.0,21.0,21.0,40.0,762.0
1890,701.0,286.0,21.0,21.0,712.0,296.0
1891,348.0,329.0,21.0,21.0,358.0,340.0
1892,771.0,723.0,22.0,22.0,782.0,734.0
1893,178.0,380.0,22.0,22.0,189.0,391.0
1894,417.0,779.0,22.0,22.0,428.0,790.0
1895,461.0,734.0,22.0,22.0,472.0,745.0
1896,117.0,707.0,22.0,22.0,128.0,718.0
1897,352.0,47.0,22.0,22.0,363.0,58.0
1898,581.0,567.0,22.0,22.0,592.0,578.0
1899,132.0,328.0,22.0,22.0,143.0,339.0
1900,151.0,286.0,22.0,22.0,162.0,297.0
1901,703.0,675.0,22.0,22.0,714.0,686.0
1902,148.0,206.0,22.0,22.0,159.0,217.0
1903,7.0,140.0,22.0,22.0,18.0,151.0
1904,310.0,432.0,23.0,23.0,322.0,444.0
1905,663.0,337.0,23.0,23.0,674.0,348.0
1906,596.0,159.0,23.0,23.0,608.0,170.0
1907,29.0,229.0,23.0,23.0,40.0,240.0
1908,24.0,310.0,23.0,23.0,36.0,322.0
1909,145.0,759.0,23.0,23.0,156.0,770.0
1910,330.0,144.0,23.0,23.0,342.0,156.0
1911,28.0,681.0,23.0,23.0,40.0,692.0
1912,313.0,6.0,24.0,24.0,325.0,18.0
1913,430.0,42.0,24.0,24.0,442.0,54.0
1914,723.0,238.0,24.0,24.0,735.0,250.0
1915,713.0,737.0,24.0,24.0,725.0,749.0
1916,656.0,607.0,24.0,24.0,668.0,619.0
1917,161.0,366.0,24.0,24.0,173.0,378.0
1918,662.0,500.0,24.0,24.0,674.0,512.0
1919,241.0,481.0,24.0,24.0,253.0,493.0
1920,554.0,717.0,24.0,24.0,566.0,729.0
1921,16.0,197.0,24.0,24.0,28.0,209.0
1922,154.0,335.0,24.0,24.0,166.0,347.0
1923,533.0,449.0,24.0,24.0,545.0,461.0
1924,25.0,93.0,24.0,24.0,37.0,105.0
1925,41.0,400.0,24.0,24.0,53.0,412.0
1926,299.0,746.0,24.0,24.0,311.0,758.0
1927,334.0,464.0,25.0,25.0,346.0,476.0
1928,86.0,454.0,25.0,25.0,98.0,466.0
1929,74.0,561.0,25.0,25.0,86.0,574.0
1930,650.0,146.0,25.0,25.0,662.0,158.0
1931,0.0,593.0,25.0,25.0,12.0,606.0
1932,348.0,681.0,25.0,25.0,360.0,694.0
1933,7.0,258.0,25.0,25.0,20.0,270.0
1934,134.0,133.0,25.0,25.0,146.0,146.0
1935,382.0,12.0,26.0,26.0,395.0,25.0
1936,737.0,320.0,26.0,26.0,750.0,333.0
1937,590.0,526.0,26.0,26.0,603.0,539.0
1938,3.0,534.0,26.0,26.0,16.0,547.0
1939,169.0,6.0,26.0,26.0,182.0,19.0
1940,54.0,670.0,26.0,26.0,67.0,683.0
1941,292.0,317.0,26.0,26.0,305.0,330.0
1942,631.0,651.0,26.0,26.0,644.0,664.0
1943,773.0,215.0,27.0,27.0,786.0,228.0
1944,325.0,115.0,27.0,27.0,338.0,128.0
1945,444.0,713.0,28.0,28.0,458.0,727.0
1946,309.0,31.0,28.0,28.0,323.0,45.0
1947,301.0,177.0,28.0,28.0,315.0,191.0
1948,146.0,308.0,29.0,29.0,160.0,322.0
1949,221.0,263.0,29.0,29.0,236.0,278.0
1950,307.0,152.0,29.0,29.0,322.0,166.0
1951,234.0,630.0,30.0,30.0,249.0,645.0
1952,252.0,716.0,30.0,30.0,267.0,731.0
1953,592.0,400.0,30.0,30.0,607.0,415.0
1954,469.0,248.0,30.0,30.0,484.0,263.0
1955,520.0,167.0,32.0,32.0,536.0,183.0
1956,631.0,350.0,32.0,32.0,647.0,366.0
1957,598.0,426.0,35.0,35.0,616.0,444.0
1958,44.0,430.0,36.0,36.0,62.0,448.0
1959,53.0,336.0,40.0,40.0,73.0,356.0
1960,603.0,746.0,40.0,40.0,623.0,766.0
1961,316.0,643.0,40.0,40.0,336.0,663.0
1962,522.0,735.0,42.0,42.0,543.0,756.0
1963,325.0,690.0,44.0,44.0,347.0,712.0
1964,719.0,362.0,44.0,44.0,741.0,384.0
1965,756.0,643.0,44.0,44.0,778.0,665.0
1966,619.0,306.0,45.0,45.0,642.0,328.0
1967,44.0,258.0,45.0,45.0,66.0,280.0
1968,302.0,541.0,46.0,46.0,325.0,564.0
1969,441.0,549.0,48.0,48.0,465.0,573.0
1970,563.0,303.0,50.0,50.0,588.0,328.0
1971,382.0,128.0,52.0,52.0,408.0,154.0
1972,158.0,643.0,54.0,54.0,185.0,670.0
1973,350.0,517.0,54.0,54.0,377.0,544.0
1974,408.0,152.0,55.0,55.0,436.0,180.0
1975,114.0,492.0,57.0,57.0,142.0,520.0
1976,356.0,551.0,60.0,60.0,386.0,581.0
1977,142.0,585.0,60.0,60.0,172.0,615.0
1978,9.0,475.0,74.0,74.0,46.0,512.0
1979,245.0,73.0,88.0,88.0,289.0,117.0
1980,182.0,519.0,118.0,118.0,241.0,578.0
1981,523.0,12.0,181.0,181.0,614.0,102.0
1982,310.0,452.0,258.0,258.0,439.0,581.0
