ID,X,Y,W,H,C_X,CY
312,696.0,720.0,7.0,7.0,700.0,724.0
313,688.0,482.0,7.0,7.0,692.0,486.0
314,40.0,736.0,7.0,7.0,44.0,740.0
315,694.0,612.0,7.0,7.0,698.0,616.0
316,186.0,734.0,7.0,7.0,190.0,738.0
317,450.0,554.0,7.0,7.0,454.0,558.0
318,236.0,748.0,7.0,7.0,240.0,752.0
319,546.0,130.0,7.0,7.0,550.0,134.0
320,118.0,568.0,7.0,7.0,122.0,572.0
321,468.0,182.0,7.0,7.0,472.0,186.0
322,674.0,496.0,7.0,7.0,678.0,500.0
323,374.0,496.0,7.0,7.0,378.0,500.0
324,742.0,604.0,7.0,7.0,746.0,608.0
325,680.0,498.0,7.0,7.0,684.0,502.0
326,418.0,250.0,7.0,7.0,422.0,254.0
327,22.0,182.0,7.0,7.0,26.0,186.0
328,78.0,488.0,7.0,7.0,82.0,492.0
329,586.0,268.0,7.0,7.0,590.0,272.0
330,114.0,560.0,7.0,7.0,118.0,564.0
331,496.0,140.0,7.0,7.0,500.0,144.0
332,410.0,368.0,7.0,7.0,414.0,372.0
333,298.0,490.0,7.0,7.0,302.0,494.0
334,708.0,486.0,7.0,7.0,712.0,490.0
335,666.0,138.0,7.0,7.0,670.0,142.0
336,146.0,140.0,7.0,7.0,150.0,144.0
337,688.0,202.0,7.0,7.0,692.0,206.0
338,106.0,738.0,7.0,7.0,110.0,742.0
339,244.0,698.0,7.0,7.0,248.0,702.0
340,578.0,190.0,7.0,7.0,582.0,194.0
341,452.0,484.0,7.0,7.0,456.0,488.0
342,616.0,742.0,7.0,7.0,620.0,746.0
343,540.0,560.0,7.0,7.0,544.0,564.0
344,702.0,142.0,7.0,7.0,706.0,146.0
345,428.0,556.0,7.0,7.0,432.0,560.0
346,282.0,492.0,7.0,7.0,286.0,496.0
347,610.0,732.0,7.0,7.0,614.0,736.0
348,736.0,142.0,7.0,7.0,740.0,146.0
349,782.0,502.0,7.0,7.0,786.0,506.0
350,392.0,150.0,7.0,7.0,396.0,154.0
351,564.0,706.0,7.0,7.0,568.0,710.0
352,358.0,582.0,7.0,7.0,362.0,586.0
353,172.0,600.0,7.0,7.0,176.0,604.0
354,554.0,166.0,7.0,7.0,558.0,170.0
355,432.0,764.0,7.0,7.0,436.0,768.0
356,618.0,232.0,7.0,7.0,622.0,236.0
357,636.0,768.0,7.0,7.0,640.0,772.0
358,418.0,518.0,7.0,7.0,422.0,522.0
359,598.0,790.0,7.0,7.0,602.0,794.0
360,372.0,520.0,7.0,7.0,376.0,524.0
361,510.0,772.0,7.0,7.0,514.0,776.0
362,488.0,788.0,7.0,7.0,492.0,792.0
363,693.0,786.0,7.0,7.0,696.0,790.0
364,566.0,256.0,7.0,7.0,570.0,260.0
365,74.0,588.0,7.0,7.0,78.0,592.0
366,510.0,254.0,7.0,7.0,514.0,258.0
367,528.0,522.0,7.0,7.0,532.0,526.0
368,132.0,784.0,7.0,7.0,136.0,788.0
369,54.0,256.0,7.0,7.0,58.0,260.0
370,462.0,194.0,7.0,7.0,466.0,198.0
371,476.0,526.0,7.0,7.0,480.0,530.0
372,152.0,714.0,7.0,7.0,156.0,718.0
373,36.0,236.0,7.0,7.0,40.0,240.0
374,514.0,704.0,7.0,7.0,518.0,708.0
375,782.0,572.0,7.0,7.0,786.0,576.0
376,568.0,762.0,7.0,7.0,572.0,766.0
377,132.0,602.0,7.0,7.0,136.0,606.0
378,685.0,719.0,7.0,7.0,688.0,722.0
379,142.0,152.0,7.0,7.0,146.0,156.0
380,750.0,718.0,7.0,7.0,754.0,722.0
381,700.0,502.0,7.0,7.0,704.0,506.0
382,568.0,754.0,7.0,7.0,572.0,758.0
383,547.0,123.0,7.0,7.0,550.0,126.0
384,78.0,548.0,7.0,7.0,82.0,552.0
385,744.0,154.0,7.0,7.0,748.0,158.0
386,108.0,154.0,7.0,7.0,112.0,158.0
387,90.0,756.0,7.0,7.0,94.0,760.0
388,520.0,198.0,7.0,7.0,524.0,202.0
389,118.0,91.0,7.0,7.0,122.0,94.0
390,380.0,246.0,7.0,7.0,384.0,250.0
391,164.0,544.0,7.0,7.0,168.0,548.0
392,122.0,544.0,7.0,7.0,126.0,548.0
393,374.0,602.0,7.0,7.0,378.0,606.0
394,66.0,758.0,7.0,7.0,70.0,762.0
395,450.0,580.0,7.0,7.0,454.0,584.0
396,0.0,758.0,7.0,7.0,4.0,762.0
397,398.0,248.0,7.0,7.0,402.0,252.0
398,136.0,260.0,7.0,7.0,140.0,264.0
399,502.0,156.0,7.0,7.0,506.0,160.0
400,632.0,250.0,7.0,7.0,636.0,254.0
401,230.0,762.0,7.0,7.0,234.0,766.0
402,634.0,494.0,7.0,7.0,638.0,498.0
403,170.0,106.0,7.0,7.0,174.0,110.0
404,226.0,564.0,7.0,7.0,230.0,568.0
405,428.0,384.0,7.0,7.0,432.0,388.0
406,672.0,330.0,7.0,7.0,676.0,334.0
407,546.0,300.0,7.0,7.0,550.0,304.0
408,484.0,38.0,7.0,7.0,488.0,42.0
409,360.0,328.0,7.0,7.0,364.0,332.0
410,430.0,508.0,7.0,7.0,434.0,512.0
411,694.0,670.0,7.0,7.0,698.0,674.0
412,278.0,478.0,7.0,7.0,282.0,482.0
413,347.0,653.0,7.0,7.0,350.0,656.0
414,760.0,42.0,7.0,7.0,764.0,46.0
415,770.0,672.0,7.0,7.0,774.0,676.0
416,78.0,634.0,7.0,7.0,82.0,638.0
417,70.0,674.0,7.0,7.0,74.0,678.0
418,730.0,396.0,7.0,7.0,734.0,400.0
419,702.0,54.0,7.0,7.0,706.0,58.0
420,15.0,324.0,7.0,7.0,18.0,328.0
421,599.0,679.0,7.0,7.0,602.0,682.0
422,176.0,628.0,7.0,7.0,180.0,632.0
423,517.0,457.0,7.0,7.0,520.0,460.0
424,6.0,62.0,7.0,7.0,10.0,66.0
425,554.0,62.0,7.0,7.0,558.0,66.0
426,752.0,408.0,7.0,7.0,756.0,412.0
427,720.0,410.0,7.0,7.0,724.0,414.0
428,75.0,344.0,7.0,7.0,78.0,348.0
429,12.0,628.0,7.0,7.0,16.0,632.0
430,574.0,288.0,7.0,7.0,578.0,292.0
431,194.0,224.0,7.0,7.0,198.0,228.0
432,726.0,380.0,7.0,7.0,730.0,384.0
433,158.0,298.0,7.0,7.0,162.0,302.0
434,594.0,216.0,7.0,7.0,598.0,220.0
435,510.0,348.0,7.0,7.0,514.0,352.0
436,225.0,698.0,7.0,7.0,228.0,702.0
437,-0.0,147.0,6.0,6.0,3.0,150.0
438,558.0,338.0,7.0,7.0,562.0,342.0
439,64.0,638.0,7.0,7.0,68.0,642.0
440,782.0,18.0,7.0,7.0,786.0,22.0
441,530.0,636.0,7.0,7.0,534.0,640.0
442,770.0,414.0,7.0,7.0,774.0,418.0
443,148.0,8.0,7.0,7.0,152.0,12.0
444,624.0,334.0,7.0,7.0,628.0,338.0
445,666.0,298.0,7.0,7.0,670.0,302.0
446,506.0,662.0,7.0,7.0,510.0,666.0
447,54.0,360.0,7.0,7.0,58.0,364.0
448,743.0,437.0,7.0,7.0,746.0,440.0
449,340.0,292.0,7.0,7.0,344.0,296.0
450,207.0,28.0,7.0,7.0,210.0,32.0
451,542.0,34.0,7.0,7.0,546.0,38.0
452,224.0,34.0,7.0,7.0,228.0,38.0
453,346.0,34.0,7.0,7.0,350.0,38.0
454,136.0,214.0,7.0,7.0,140.0,218.0
455,420.0,332.0,7.0,7.0,424.0,336.0
456,436.0,52.0,7.0,7.0,440.0,56.0
457,514.0,418.0,7.0,7.0,518.0,422.0
458,0.0,324.0,7.0,7.0,4.0,328.0
459,248.0,412.0,7.0,7.0,252.0,416.0
460,534.0,68.0,7.0,7.0,538.0,72.0
461,92.0,792.0,7.0,7.0,96.0,796.0
462,408.0,684.0,7.0,7.0,412.0,688.0
463,266.0,642.0,7.0,7.0,270.0,646.0
464,502.0,618.0,7.0,7.0,506.0,622.0
465,280.0,650.0,7.0,7.0,284.0,654.0
466,560.0,462.0,7.0,7.0,564.0,466.0
467,625.0,103.0,7.0,7.0,628.0,106.0
468,22.0,244.0,7.0,7.0,26.0,248.0
469,3.0,389.0,7.0,7.0,6.0,392.0
470,680.0,714.0,7.0,7.0,684.0,718.0
471,748.0,417.0,7.0,7.0,752.0,420.0
472,684.0,684.0,7.0,7.0,688.0,688.0
473,692.0,684.0,7.0,7.0,696.0,688.0
474,532.0,468.0,7.0,7.0,536.0,472.0
475,634.0,468.0,7.0,7.0,638.0,472.0
476,58.0,470.0,7.0,7.0,62.0,474.0
477,396.0,114.0,7.0,7.0,400.0,118.0
478,498.0,118.0,7.0,7.0,502.0,122.0
479,18.0,672.0,7.0,7.0,22.0,676.0
480,280.0,120.0,7.0,7.0,284.0,124.0
481,596.0,-0.0,6.0,6.0,600.0,3.0
482,630.0,692.0,7.0,7.0,634.0,696.0
483,520.0,122.0,7.0,7.0,524.0,126.0
484,532.0,694.0,7.0,7.0,536.0,698.0
485,32.0,512.0,7.0,7.0,36.0,516.0
486,326.0,68.0,7.0,7.0,330.0,72.0
487,398.0,684.0,7.0,7.0,402.0,688.0
488,62.0,98.0,7.0,7.0,66.0,102.0
489,416.0,280.0,7.0,7.0,420.0,284.0
490,408.0,420.0,7.0,7.0,412.0,424.0
491,552.0,422.0,7.0,7.0,556.0,426.0
492,710.0,70.0,7.0,7.0,714.0,74.0
493,405.0,80.0,7.0,7.0,408.0,84.0
494,624.0,80.0,7.0,7.0,628.0,84.0
495,534.0,432.0,7.0,7.0,538.0,436.0
496,557.0,431.0,7.0,7.0,560.0,434.0
497,270.0,82.0,7.0,7.0,274.0,86.0
498,134.0,448.0,7.0,7.0,138.0,452.0
499,688.0,436.0,7.0,7.0,692.0,440.0
500,342.0,624.0,7.0,7.0,346.0,628.0
501,650.0,440.0,7.0,7.0,654.0,444.0
502,176.0,446.0,7.0,7.0,180.0,450.0
503,378.0,206.0,7.0,7.0,382.0,210.0
504,678.0,92.0,7.0,7.0,682.0,96.0
505,548.0,735.0,7.0,7.0,552.0,738.0
506,508.0,650.0,7.0,7.0,512.0,654.0
507,22.0,88.0,7.0,7.0,26.0,92.0
508,604.0,10.0,7.0,7.0,608.0,14.0
509,284.0,88.0,7.0,7.0,288.0,92.0
510,68.0,651.0,8.0,8.0,72.0,655.0
511,86.0,191.0,8.0,8.0,90.0,195.0
512,670.0,724.0,8.0,8.0,674.0,728.0
513,212.0,649.0,8.0,8.0,216.0,653.0
514,720.0,727.0,8.0,8.0,724.0,731.0
515,489.0,192.0,8.0,8.0,493.0,196.0
516,224.0,190.0,8.0,8.0,228.0,194.0
517,262.0,217.0,8.0,8.0,266.0,221.0
518,128.0,698.0,8.0,8.0,132.0,702.0
519,140.0,656.0,8.0,8.0,144.0,660.0
520,164.0,698.0,8.0,8.0,168.0,702.0
521,323.0,698.0,8.0,8.0,327.0,702.0
522,239.0,206.0,8.0,8.0,243.0,210.0
523,396.0,698.0,8.0,8.0,400.0,702.0
524,538.0,699.0,8.0,8.0,542.0,703.0
525,517.0,682.0,8.0,8.0,521.0,686.0
526,712.0,702.0,8.0,8.0,716.0,706.0
527,577.0,200.0,8.0,8.0,581.0,204.0
528,543.0,207.0,8.0,8.0,547.0,211.0
529,414.0,681.0,8.0,8.0,418.0,685.0
530,606.0,678.0,8.0,8.0,610.0,682.0
531,492.0,705.0,8.0,8.0,496.0,709.0
532,535.0,676.0,8.0,8.0,539.0,680.0
533,600.0,673.0,8.0,8.0,604.0,677.0
534,178.0,199.0,8.0,8.0,182.0,203.0
535,498.0,196.0,8.0,8.0,502.0,200.0
536,518.0,217.0,8.0,8.0,522.0,221.0
537,604.0,714.0,8.0,8.0,608.0,718.0
538,408.0,716.0,8.0,8.0,412.0,720.0
539,166.0,716.0,8.0,8.0,170.0,720.0
540,467.0,214.0,8.0,8.0,471.0,218.0
541,706.0,213.0,8.0,8.0,710.0,217.0
542,549.0,653.0,8.0,8.0,553.0,657.0
543,488.0,213.0,8.0,8.0,492.0,217.0
544,413.0,667.0,8.0,8.0,417.0,671.0
545,76.0,212.0,8.0,8.0,80.0,216.0
546,220.0,709.0,8.0,8.0,224.0,713.0
547,574.0,709.0,8.0,8.0,578.0,713.0
548,409.0,708.0,8.0,8.0,413.0,712.0
549,482.0,669.0,8.0,8.0,486.0,673.0
550,234.0,711.0,8.0,8.0,238.0,715.0
551,364.0,672.0,8.0,8.0,368.0,676.0
552,708.0,309.0,8.0,8.0,712.0,313.0
553,314.0,735.0,8.0,8.0,318.0,739.0
554,72.0,50.0,8.0,8.0,76.0,54.0
555,486.0,49.0,8.0,8.0,490.0,53.0
556,632.0,50.0,8.0,8.0,636.0,54.0
557,569.0,58.0,8.0,8.0,573.0,62.0
558,471.0,58.0,8.0,8.0,475.0,62.0
559,87.0,60.0,8.0,8.0,91.0,64.0
560,462.0,60.0,8.0,8.0,466.0,64.0
561,57.0,71.0,8.0,8.0,61.0,75.0
562,510.0,82.0,8.0,8.0,514.0,86.0
563,444.0,82.0,8.0,8.0,448.0,86.0
564,416.0,83.0,8.0,8.0,420.0,87.0
565,630.0,43.0,8.0,8.0,634.0,47.0
566,278.0,86.0,8.0,8.0,282.0,90.0
567,330.0,90.0,8.0,8.0,334.0,94.0
568,302.0,93.0,8.0,8.0,306.0,97.0
569,400.0,97.0,8.0,8.0,404.0,101.0
570,125.0,100.0,8.0,8.0,129.0,104.0
571,316.0,102.0,8.0,8.0,320.0,106.0
572,466.0,102.0,8.0,8.0,470.0,106.0
573,331.0,20.0,8.0,8.0,335.0,24.0
574,726.0,793.0,8.0,8.0,730.0,797.0
575,176.0,113.0,8.0,8.0,180.0,117.0
576,210.0,744.0,8.0,8.0,214.0,748.0
577,217.0,628.0,8.0,8.0,221.0,632.0
578,158.0,91.0,8.0,8.0,162.0,95.0
579,26.0,552.0,8.0,8.0,30.0,556.0
580,128.0,42.0,8.0,8.0,132.0,46.0
581,447.0,38.0,8.0,8.0,451.0,42.0
582,787.0,438.0,8.0,8.0,791.0,442.0
583,116.0,2.0,8.0,8.0,120.0,6.0
584,15.0,2.0,8.0,8.0,19.0,6.0
585,468.0,2.0,8.0,8.0,472.0,6.0
586,78.0,4.0,8.0,8.0,82.0,8.0
587,365.0,558.0,8.0,8.0,369.0,562.0
588,153.0,580.0,8.0,8.0,157.0,584.0
589,681.0,9.0,8.0,8.0,685.0,13.0
590,617.0,14.0,8.0,8.0,621.0,18.0
591,711.0,14.0,8.0,8.0,715.0,18.0
592,42.0,103.0,8.0,8.0,46.0,107.0
593,33.0,40.0,8.0,8.0,37.0,44.0
594,694.0,15.0,8.0,8.0,698.0,19.0
595,779.0,416.0,8.0,8.0,783.0,420.0
596,322.0,20.0,8.0,8.0,326.0,24.0
597,592.0,24.0,8.0,8.0,596.0,28.0
598,37.0,24.0,8.0,8.0,41.0,28.0
599,452.0,26.0,8.0,8.0,456.0,30.0
600,228.0,28.0,8.0,8.0,232.0,32.0
601,386.0,35.0,8.0,8.0,390.0,39.0
602,486.0,34.0,8.0,8.0,490.0,38.0
603,519.0,34.0,8.0,8.0,523.0,38.0
604,496.0,36.0,8.0,8.0,500.0,40.0
605,279.0,37.0,8.0,8.0,283.0,41.0
606,384.0,18.0,8.0,8.0,388.0,22.0
607,180.0,734.0,8.0,8.0,184.0,738.0
608,172.0,126.0,8.0,8.0,176.0,130.0
609,772.0,133.0,8.0,8.0,776.0,137.0
610,460.0,176.0,8.0,8.0,464.0,180.0
611,582.0,774.0,8.0,8.0,586.0,778.0
612,746.0,772.0,8.0,8.0,750.0,776.0
613,66.0,772.0,8.0,8.0,70.0,776.0
614,478.0,178.0,8.0,8.0,482.0,182.0
615,464.0,768.0,8.0,8.0,468.0,772.0
616,757.0,766.0,8.0,8.0,761.0,770.0
617,534.0,178.0,8.0,8.0,538.0,182.0
618,85.0,760.0,8.0,8.0,89.0,764.0
619,662.0,757.0,8.0,8.0,666.0,761.0
620,104.0,755.0,8.0,8.0,108.0,759.0
621,141.0,778.0,8.0,8.0,145.0,782.0
622,255.0,753.0,8.0,8.0,259.0,757.0
623,741.0,750.0,8.0,8.0,745.0,754.0
624,679.0,749.0,8.0,8.0,683.0,753.0
625,525.0,748.0,8.0,8.0,529.0,752.0
626,243.0,748.0,8.0,8.0,247.0,752.0
627,121.0,746.0,8.0,8.0,125.0,750.0
628,429.0,180.0,8.0,8.0,433.0,184.0
629,59.0,182.0,8.0,8.0,63.0,186.0
630,174.0,741.0,8.0,8.0,178.0,745.0
631,138.0,187.0,8.0,8.0,142.0,191.0
632,173.0,734.0,8.0,8.0,177.0,738.0
633,586.0,735.0,8.0,8.0,590.0,739.0
634,628.0,752.0,8.0,8.0,632.0,756.0
635,574.0,424.0,8.0,8.0,578.0,428.0
636,276.0,778.0,8.0,8.0,280.0,782.0
637,766.0,782.0,8.0,8.0,770.0,786.0
638,753.0,134.0,8.0,8.0,757.0,138.0
639,422.0,137.0,8.0,8.0,426.0,141.0
640,22.0,324.0,8.0,8.0,26.0,328.0
641,534.0,142.0,8.0,8.0,538.0,146.0
642,447.0,252.0,8.0,8.0,451.0,256.0
643,328.0,648.0,8.0,8.0,332.0,652.0
644,-1.0,178.0,8.0,8.0,3.0,182.0
645,456.0,149.0,8.0,8.0,460.0,153.0
646,156.0,151.0,8.0,8.0,160.0,155.0
647,152.0,156.0,8.0,8.0,156.0,160.0
648,358.0,156.0,8.0,8.0,362.0,160.0
649,494.0,782.0,8.0,8.0,498.0,786.0
650,320.0,52.0,8.0,8.0,324.0,56.0
651,626.0,161.0,8.0,8.0,630.0,165.0
652,74.0,164.0,8.0,8.0,78.0,168.0
653,384.0,165.0,8.0,8.0,388.0,169.0
654,253.0,5.0,8.0,8.0,257.0,9.0
655,347.0,792.0,8.0,8.0,351.0,796.0
656,4.0,792.0,8.0,8.0,8.0,796.0
657,460.0,170.0,8.0,8.0,464.0,174.0
658,640.0,787.0,8.0,8.0,644.0,791.0
659,702.0,786.0,8.0,8.0,706.0,790.0
660,619.0,784.0,8.0,8.0,623.0,788.0
661,550.0,783.0,8.0,8.0,554.0,787.0
662,631.0,158.0,8.0,8.0,635.0,162.0
663,772.0,647.0,8.0,8.0,776.0,651.0
664,484.0,739.0,8.0,8.0,488.0,743.0
665,250.0,494.0,8.0,8.0,254.0,498.0
666,499.0,251.0,8.0,8.0,503.0,255.0
667,649.0,426.0,8.0,8.0,653.0,430.0
668,772.0,284.0,8.0,8.0,776.0,288.0
669,242.0,534.0,8.0,8.0,246.0,538.0
670,319.0,534.0,8.0,8.0,323.0,538.0
671,495.0,274.0,8.0,8.0,499.0,278.0
672,685.0,600.0,8.0,8.0,689.0,604.0
673,458.0,536.0,8.0,8.0,462.0,540.0
674,106.0,229.0,8.0,8.0,110.0,233.0
675,542.0,347.0,8.0,8.0,546.0,351.0
676,518.0,598.0,8.0,8.0,522.0,602.0
677,95.0,282.0,8.0,8.0,99.0,286.0
678,642.0,235.0,8.0,8.0,646.0,239.0
679,476.0,348.0,8.0,8.0,480.0,352.0
680,110.0,431.0,8.0,8.0,114.0,435.0
681,108.0,468.0,8.0,8.0,112.0,472.0
682,360.0,530.0,8.0,8.0,364.0,534.0
683,546.0,420.0,8.0,8.0,550.0,424.0
684,392.0,607.0,8.0,8.0,396.0,611.0
685,402.0,401.0,8.0,8.0,406.0,405.0
686,446.0,615.0,8.0,8.0,450.0,619.0
687,224.0,524.0,8.0,8.0,228.0,528.0
688,197.0,526.0,8.0,8.0,201.0,530.0
689,424.0,406.0,8.0,8.0,428.0,410.0
690,528.0,408.0,8.0,8.0,532.0,412.0
691,723.0,452.0,8.0,8.0,727.0,456.0
692,314.0,593.0,8.0,8.0,318.0,597.0
693,334.0,613.0,8.0,8.0,338.0,617.0
694,646.0,528.0,8.0,8.0,650.0,532.0
695,657.0,528.0,8.0,8.0,661.0,532.0
696,316.0,470.0,8.0,8.0,320.0,474.0
697,336.0,324.0,8.0,8.0,340.0,328.0
698,459.0,296.0,8.0,8.0,463.0,300.0
699,84.0,286.0,8.0,8.0,88.0,290.0
700,486.0,272.0,8.0,8.0,490.0,276.0
701,490.0,432.0,8.0,8.0,494.0,436.0
702,553.0,468.0,8.0,8.0,557.0,472.0
703,-1.0,434.0,8.0,8.0,3.0,438.0
704,759.0,267.0,8.0,8.0,763.0,271.0
705,700.0,442.0,8.0,8.0,704.0,446.0
706,699.0,554.0,8.0,8.0,703.0,558.0
707,550.0,444.0,8.0,8.0,554.0,448.0
708,22.0,564.0,8.0,8.0,26.0,568.0
709,734.0,562.0,8.0,8.0,738.0,566.0
710,525.0,444.0,8.0,8.0,529.0,448.0
711,598.0,457.0,8.0,8.0,602.0,461.0
712,784.0,244.0,8.0,8.0,788.0,248.0
713,622.0,444.0,8.0,8.0,626.0,448.0
714,243.0,560.0,8.0,8.0,247.0,564.0
715,541.0,313.0,8.0,8.0,545.0,317.0
716,499.0,312.0,8.0,8.0,503.0,316.0
717,212.0,448.0,8.0,8.0,216.0,452.0
718,508.0,447.0,8.0,8.0,512.0,451.0
719,670.0,276.0,8.0,8.0,674.0,280.0
720,2.0,560.0,8.0,8.0,6.0,564.0
721,58.0,401.0,8.0,8.0,62.0,405.0
722,150.0,568.0,8.0,8.0,154.0,572.0
723,303.0,240.0,8.0,8.0,307.0,244.0
724,461.0,468.0,8.0,8.0,465.0,472.0
725,53.0,348.0,8.0,8.0,57.0,352.0
726,0.0,536.0,8.0,8.0,4.0,540.0
727,792.0,583.0,8.0,8.0,796.0,587.0
728,359.0,319.0,8.0,8.0,363.0,323.0
729,474.0,576.0,8.0,8.0,478.0,580.0
730,31.0,542.0,8.0,8.0,35.0,546.0
731,422.0,438.0,8.0,8.0,426.0,442.0
732,171.0,572.0,8.0,8.0,175.0,576.0
733,277.0,569.0,8.0,8.0,281.0,573.0
734,588.0,466.0,8.0,8.0,592.0,470.0
735,553.0,544.0,8.0,8.0,557.0,548.0
736,232.0,569.0,8.0,8.0,236.0,573.0
737,187.0,438.0,8.0,8.0,191.0,442.0
738,340.0,464.0,8.0,8.0,344.0,468.0
739,116.0,346.0,8.0,8.0,120.0,350.0
740,628.0,436.0,8.0,8.0,632.0,440.0
741,700.0,520.0,8.0,8.0,704.0,524.0
742,453.0,556.0,8.0,8.0,457.0,560.0
743,710.0,520.0,8.0,8.0,714.0,524.0
744,450.0,495.0,8.0,8.0,454.0,499.0
745,710.0,391.0,8.0,8.0,714.0,395.0
746,38.0,498.0,8.0,8.0,42.0,502.0
747,220.0,484.0,8.0,8.0,224.0,488.0
748,500.0,374.0,8.0,8.0,504.0,378.0
749,234.0,484.0,8.0,8.0,238.0,488.0
750,774.0,628.0,8.0,8.0,778.0,632.0
751,326.0,628.0,8.0,8.0,330.0,632.0
752,576.0,224.0,8.0,8.0,580.0,228.0
753,695.0,387.0,8.0,8.0,699.0,391.0
754,496.0,513.0,8.0,8.0,500.0,517.0
755,763.0,384.0,8.0,8.0,767.0,388.0
756,483.0,356.0,8.0,8.0,487.0,360.0
757,783.0,268.0,8.0,8.0,787.0,272.0
758,351.0,638.0,8.0,8.0,355.0,642.0
759,753.0,486.0,8.0,8.0,757.0,490.0
760,549.0,486.0,8.0,8.0,553.0,490.0
761,362.0,633.0,8.0,8.0,366.0,637.0
762,461.0,360.0,8.0,8.0,465.0,364.0
763,619.0,373.0,8.0,8.0,623.0,377.0
764,281.0,507.0,8.0,8.0,285.0,511.0
765,8.0,488.0,8.0,8.0,12.0,492.0
766,578.0,499.0,8.0,8.0,582.0,503.0
767,650.0,488.0,8.0,8.0,654.0,492.0
768,87.0,490.0,8.0,8.0,91.0,494.0
769,437.0,635.0,8.0,8.0,441.0,639.0
770,278.0,499.0,8.0,8.0,282.0,503.0
771,743.0,502.0,8.0,8.0,747.0,506.0
772,680.0,399.0,8.0,8.0,684.0,403.0
773,24.0,290.0,8.0,8.0,28.0,294.0
774,329.0,492.0,8.0,8.0,333.0,496.0
775,511.0,644.0,8.0,8.0,515.0,648.0
776,341.0,302.0,8.0,8.0,345.0,306.0
777,712.0,615.0,8.0,8.0,716.0,619.0
778,767.0,266.0,8.0,8.0,771.0,270.0
779,792.0,359.0,8.0,8.0,796.0,363.0
780,692.0,362.0,8.0,8.0,696.0,366.0
781,234.0,519.0,8.0,8.0,238.0,523.0
782,248.0,518.0,8.0,8.0,252.0,522.0
783,624.0,621.0,8.0,8.0,628.0,625.0
784,709.0,620.0,8.0,8.0,713.0,624.0
785,541.0,644.0,8.0,8.0,545.0,648.0
786,476.0,336.0,8.0,8.0,480.0,340.0
787,185.0,477.0,8.0,8.0,189.0,481.0
788,516.0,364.0,8.0,8.0,520.0,368.0
789,217.0,622.0,8.0,8.0,221.0,626.0
790,724.0,499.0,8.0,8.0,728.0,503.0
791,736.0,364.0,8.0,8.0,740.0,368.0
792,527.0,394.0,8.0,8.0,531.0,398.0
793,292.0,516.0,8.0,8.0,296.0,520.0
794,734.0,626.0,8.0,8.0,738.0,630.0
795,44.0,626.0,8.0,8.0,48.0,630.0
796,276.0,515.0,8.0,8.0,280.0,519.0
797,208.0,495.0,8.0,8.0,212.0,499.0
798,617.0,366.0,8.0,8.0,621.0,370.0
799,658.0,516.0,8.0,8.0,662.0,520.0
800,331.0,302.0,8.0,8.0,335.0,306.0
801,233.0,1.0,9.0,9.0,238.0,6.0
802,457.0,497.0,9.0,9.0,462.0,502.0
803,699.0,9.0,9.0,9.0,704.0,14.0
804,439.0,317.0,9.0,9.0,444.0,322.0
805,279.0,743.0,9.0,9.0,284.0,748.0
806,420.0,144.0,9.0,9.0,424.0,148.0
807,227.0,285.0,9.0,9.0,232.0,290.0
808,73.0,551.0,9.0,9.0,78.0,556.0
809,29.0,145.0,9.0,9.0,34.0,150.0
810,779.0,755.0,9.0,9.0,784.0,760.0
811,153.0,553.0,9.0,9.0,158.0,558.0
812,25.0,511.0,9.0,9.0,30.0,516.0
813,374.0,225.0,9.0,9.0,378.0,230.0
814,711.0,123.0,9.0,9.0,716.0,128.0
815,393.0,521.0,9.0,9.0,398.0,526.0
816,277.0,125.0,9.0,9.0,282.0,130.0
817,629.0,123.0,9.0,9.0,634.0,128.0
818,623.0,523.0,9.0,9.0,628.0,528.0
819,443.0,475.0,9.0,9.0,448.0,480.0
820,179.0,517.0,9.0,9.0,184.0,522.0
821,567.0,469.0,9.0,9.0,572.0,474.0
822,321.0,527.0,9.0,9.0,326.0,532.0
823,437.0,21.0,9.0,9.0,442.0,26.0
824,703.0,337.0,9.0,9.0,708.0,342.0
825,755.0,301.0,9.0,9.0,760.0,306.0
826,81.0,469.0,9.0,9.0,86.0,474.0
827,145.0,469.0,9.0,9.0,150.0,474.0
828,687.0,273.0,9.0,9.0,692.0,278.0
829,121.0,5.0,9.0,9.0,126.0,10.0
830,671.0,113.0,9.0,9.0,676.0,118.0
831,670.0,513.0,9.0,9.0,674.0,518.0
832,36.0,32.0,9.0,9.0,40.0,36.0
833,659.0,113.0,9.0,9.0,664.0,118.0
834,205.0,157.0,9.0,9.0,210.0,162.0
835,775.0,301.0,9.0,9.0,780.0,306.0
836,327.0,319.0,9.0,9.0,332.0,324.0
837,641.0,318.0,9.0,9.0,646.0,322.0
838,661.0,261.0,9.0,9.0,666.0,266.0
839,328.0,23.0,9.0,9.0,332.0,28.0
840,763.0,317.0,9.0,9.0,768.0,322.0
841,573.0,501.0,9.0,9.0,578.0,506.0
842,677.0,511.0,9.0,9.0,682.0,516.0
843,407.0,311.0,9.0,9.0,412.0,316.0
844,707.0,473.0,9.0,9.0,712.0,478.0
845,674.0,167.0,9.0,9.0,678.0,172.0
846,145.0,97.0,9.0,9.0,150.0,102.0
847,279.0,663.0,9.0,9.0,284.0,668.0
848,141.0,379.0,9.0,9.0,146.0,384.0
849,163.0,435.0,9.0,9.0,168.0,440.0
850,58.0,279.0,9.0,9.0,62.0,284.0
851,16.0,278.0,9.0,9.0,20.0,282.0
852,143.0,665.0,9.0,9.0,148.0,670.0
853,391.0,407.0,9.0,9.0,396.0,412.0
854,93.0,681.0,9.0,9.0,98.0,686.0
855,135.0,207.0,9.0,9.0,140.0,212.0
856,641.0,623.0,9.0,9.0,646.0,628.0
857,587.0,395.0,9.0,9.0,592.0,400.0
858,-0.0,38.0,8.0,8.0,4.0,42.0
859,745.0,287.0,9.0,9.0,750.0,292.0
860,213.0,39.0,9.0,9.0,218.0,44.0
861,683.0,695.0,9.0,9.0,688.0,700.0
862,427.0,409.0,9.0,9.0,432.0,414.0
863,479.0,677.0,9.0,9.0,484.0,682.0
864,475.0,393.0,9.0,9.0,480.0,398.0
865,147.0,605.0,9.0,9.0,152.0,610.0
866,47.0,43.0,9.0,9.0,52.0,48.0
867,207.0,601.0,9.0,9.0,212.0,606.0
868,97.0,375.0,9.0,9.0,102.0,380.0
869,633.0,189.0,9.0,9.0,638.0,194.0
870,673.0,239.0,9.0,9.0,678.0,244.0
871,771.0,740.0,9.0,9.0,776.0,744.0
872,651.0,93.0,9.0,9.0,656.0,98.0
873,575.0,279.0,9.0,9.0,580.0,284.0
874,581.0,55.0,9.0,9.0,586.0,60.0
875,99.0,686.0,9.0,9.0,104.0,690.0
876,491.0,567.0,9.0,9.0,496.0,572.0
877,121.0,187.0,9.0,9.0,126.0,192.0
878,361.0,641.0,9.0,9.0,366.0,646.0
879,663.0,683.0,9.0,9.0,668.0,688.0
880,667.0,633.0,9.0,9.0,672.0,638.0
881,17.0,345.0,9.0,9.0,22.0,350.0
882,765.0,697.0,9.0,9.0,770.0,702.0
883,57.0,689.0,9.0,9.0,62.0,694.0
884,693.0,639.0,9.0,9.0,698.0,644.0
885,437.0,221.0,9.0,9.0,442.0,226.0
886,239.0,85.0,9.0,9.0,244.0,90.0
887,693.0,84.0,9.0,9.0,698.0,88.0
888,-0.0,634.0,8.0,8.0,4.0,638.0
889,197.0,639.0,9.0,9.0,202.0,644.0
890,343.0,661.0,9.0,9.0,348.0,666.0
891,87.0,293.0,10.0,10.0,92.0,298.0
892,163.0,397.0,10.0,10.0,168.0,402.0
893,357.0,338.0,10.0,10.0,362.0,343.0
894,489.0,506.0,10.0,10.0,494.0,511.0
895,449.0,396.0,10.0,10.0,454.0,401.0
896,15.0,355.0,10.0,10.0,20.0,360.0
897,541.0,271.0,10.0,10.0,546.0,276.0
898,398.0,339.0,10.0,10.0,403.0,344.0
899,254.0,55.0,10.0,10.0,259.0,60.0
900,433.0,139.0,10.0,10.0,438.0,144.0
901,765.0,46.0,10.0,10.0,770.0,51.0
902,373.0,283.0,10.0,10.0,378.0,288.0
903,35.0,358.0,10.0,10.0,40.0,363.0
904,745.0,23.0,10.0,10.0,750.0,28.0
905,-1.0,25.0,10.0,10.0,4.0,30.0
906,514.0,27.0,10.0,10.0,519.0,32.0
907,661.0,27.0,10.0,10.0,666.0,32.0
908,373.0,31.0,10.0,10.0,378.0,36.0
909,221.0,141.0,10.0,10.0,226.0,146.0
910,558.0,373.0,10.0,10.0,563.0,378.0
911,781.0,139.0,10.0,10.0,786.0,144.0
912,441.0,377.0,10.0,10.0,446.0,382.0
913,407.0,34.0,10.0,10.0,412.0,39.0
914,680.0,382.0,10.0,10.0,685.0,387.0
915,703.0,552.0,10.0,10.0,708.0,557.0
916,122.0,35.0,10.0,10.0,127.0,40.0
917,295.0,21.0,10.0,10.0,300.0,26.0
918,499.0,355.0,10.0,10.0,504.0,360.0
919,187.0,286.0,10.0,10.0,192.0,291.0
920,405.0,133.0,10.0,10.0,410.0,138.0
921,673.0,268.0,10.0,10.0,678.0,273.0
922,461.0,353.0,10.0,10.0,466.0,358.0
923,787.0,60.0,10.0,10.0,792.0,65.0
924,247.0,58.0,10.0,10.0,252.0,63.0
925,24.0,76.0,10.0,10.0,29.0,81.0
926,281.0,467.0,10.0,10.0,286.0,472.0
927,493.0,75.0,10.0,10.0,498.0,80.0
928,695.0,280.0,10.0,10.0,700.0,285.0
929,476.0,81.0,10.0,10.0,481.0,86.0
930,135.0,83.0,10.0,10.0,140.0,88.0
931,371.0,82.0,10.0,10.0,376.0,87.0
932,271.0,367.0,10.0,10.0,276.0,372.0
933,66.0,13.0,10.0,10.0,71.0,18.0
934,427.0,107.0,10.0,10.0,432.0,112.0
935,472.0,8.0,10.0,10.0,477.0,13.0
936,748.0,463.0,10.0,10.0,753.0,468.0
937,81.0,343.0,10.0,10.0,86.0,348.0
938,589.0,84.0,10.0,10.0,594.0,89.0
939,305.0,86.0,10.0,10.0,310.0,91.0
940,455.0,464.0,10.0,10.0,460.0,469.0
941,656.0,462.0,10.0,10.0,661.0,467.0
942,69.0,460.0,10.0,10.0,74.0,465.0
943,509.0,455.0,10.0,10.0,514.0,460.0
944,629.0,10.0,10.0,10.0,634.0,15.0
945,635.0,443.0,10.0,10.0,640.0,448.0
946,582.0,91.0,10.0,10.0,587.0,96.0
947,389.0,645.0,10.0,10.0,394.0,650.0
948,151.0,15.0,10.0,10.0,156.0,20.0
949,721.0,72.0,10.0,10.0,726.0,77.0
950,603.0,71.0,10.0,10.0,608.0,76.0
951,507.0,71.0,10.0,10.0,512.0,76.0
952,521.0,8.0,10.0,10.0,526.0,13.0
953,715.0,7.0,10.0,10.0,720.0,12.0
954,745.0,397.0,10.0,10.0,750.0,402.0
955,511.0,340.0,10.0,10.0,516.0,345.0
956,682.0,350.0,10.0,10.0,687.0,355.0
957,35.0,401.0,10.0,10.0,40.0,406.0
958,135.0,277.0,10.0,10.0,140.0,282.0
959,217.0,123.0,10.0,10.0,222.0,128.0
960,38.0,122.0,10.0,10.0,43.0,127.0
961,43.0,402.0,10.0,10.0,48.0,407.0
962,614.0,61.0,10.0,10.0,619.0,66.0
963,544.0,473.0,10.0,10.0,549.0,478.0
964,173.0,581.0,10.0,10.0,178.0,586.0
965,126.0,351.0,10.0,10.0,131.0,356.0
966,186.0,67.0,10.0,10.0,191.0,72.0
967,635.0,65.0,10.0,10.0,640.0,70.0
968,446.0,417.0,10.0,10.0,451.0,422.0
969,479.0,469.0,10.0,10.0,484.0,474.0
970,548.0,115.0,10.0,10.0,553.0,120.0
971,508.0,15.0,10.0,10.0,513.0,20.0
972,134.0,115.0,10.0,10.0,139.0,120.0
973,412.0,67.0,10.0,10.0,417.0,72.0
974,605.0,347.0,10.0,10.0,610.0,352.0
975,660.0,423.0,10.0,10.0,665.0,428.0
976,307.0,113.0,10.0,10.0,312.0,118.0
977,153.0,70.0,10.0,10.0,158.0,75.0
978,217.0,65.0,10.0,10.0,222.0,70.0
979,667.0,438.0,10.0,10.0,672.0,443.0
980,403.0,21.0,10.0,10.0,408.0,26.0
981,39.0,142.0,10.0,10.0,44.0,147.0
982,83.0,223.0,10.0,10.0,88.0,228.0
983,595.0,311.0,10.0,10.0,600.0,316.0
984,493.0,615.0,10.0,10.0,498.0,620.0
985,543.0,243.0,10.0,10.0,548.0,248.0
986,23.0,312.0,10.0,10.0,28.0,317.0
987,289.0,185.0,10.0,10.0,294.0,190.0
988,84.0,738.0,10.0,10.0,89.0,743.0
989,560.0,308.0,10.0,10.0,565.0,313.0
990,332.0,245.0,10.0,10.0,337.0,250.0
991,228.0,621.0,10.0,10.0,233.0,626.0
992,761.0,182.0,10.0,10.0,766.0,187.0
993,367.0,622.0,10.0,10.0,372.0,627.0
994,271.0,741.0,10.0,10.0,276.0,746.0
995,306.0,741.0,10.0,10.0,311.0,746.0
996,107.0,-1.0,10.0,10.0,112.0,4.0
997,564.0,681.0,10.0,10.0,569.0,686.0
998,504.0,747.0,10.0,10.0,509.0,752.0
999,295.0,679.0,10.0,10.0,300.0,684.0
1000,480.0,551.0,10.0,10.0,485.0,556.0
1001,337.0,551.0,10.0,10.0,342.0,556.0
1002,183.0,551.0,10.0,10.0,188.0,556.0
1003,187.0,179.0,10.0,10.0,192.0,184.0
1004,153.0,679.0,10.0,10.0,158.0,684.0
1005,104.0,552.0,10.0,10.0,109.0,557.0
1006,313.0,625.0,10.0,10.0,318.0,630.0
1007,5.0,204.0,10.0,10.0,10.0,209.0
1008,10.0,313.0,10.0,10.0,15.0,318.0
1009,723.0,306.0,10.0,10.0,728.0,311.0
1010,283.0,204.0,10.0,10.0,288.0,209.0
1011,570.0,685.0,10.0,10.0,575.0,690.0
1012,267.0,731.0,10.0,10.0,272.0,736.0
1013,368.0,188.0,10.0,10.0,373.0,193.0
1014,70.0,608.0,10.0,10.0,75.0,613.0
1015,143.0,202.0,10.0,10.0,148.0,207.0
1016,697.0,603.0,10.0,10.0,702.0,608.0
1017,119.0,701.0,10.0,10.0,124.0,706.0
1018,276.0,698.0,10.0,10.0,281.0,703.0
1019,503.0,697.0,10.0,10.0,508.0,702.0
1020,14.0,612.0,10.0,10.0,19.0,617.0
1021,44.0,227.0,10.0,10.0,49.0,232.0
1022,110.0,707.0,10.0,10.0,115.0,712.0
1023,144.0,233.0,10.0,10.0,149.0,238.0
1024,440.0,695.0,10.0,10.0,445.0,700.0
1025,69.0,593.0,10.0,10.0,74.0,598.0
1026,417.0,695.0,10.0,10.0,422.0,700.0
1027,208.0,547.0,10.0,10.0,213.0,552.0
1028,705.0,694.0,10.0,10.0,710.0,699.0
1029,519.0,693.0,10.0,10.0,524.0,698.0
1030,223.0,689.0,10.0,10.0,228.0,694.0
1031,418.0,235.0,10.0,10.0,423.0,240.0
1032,15.0,583.0,10.0,10.0,20.0,588.0
1033,674.0,715.0,10.0,10.0,679.0,720.0
1034,117.0,690.0,10.0,10.0,122.0,695.0
1035,560.0,689.0,10.0,10.0,565.0,694.0
1036,8.0,495.0,10.0,10.0,13.0,500.0
1037,238.0,721.0,10.0,10.0,243.0,726.0
1038,468.0,721.0,10.0,10.0,473.0,726.0
1039,75.0,723.0,10.0,10.0,80.0,728.0
1040,245.0,727.0,10.0,10.0,250.0,732.0
1041,204.0,688.0,10.0,10.0,209.0,693.0
1042,457.0,710.0,10.0,10.0,462.0,715.0
1043,260.0,545.0,10.0,10.0,265.0,550.0
1044,529.0,627.0,10.0,10.0,534.0,632.0
1045,450.0,756.0,10.0,10.0,455.0,761.0
1046,319.0,651.0,10.0,10.0,324.0,656.0
1047,350.0,519.0,10.0,10.0,355.0,524.0
1048,140.0,629.0,10.0,10.0,145.0,634.0
1049,707.0,169.0,10.0,10.0,712.0,174.0
1050,435.0,791.0,10.0,10.0,440.0,796.0
1051,465.0,641.0,10.0,10.0,470.0,646.0
1052,767.0,217.0,10.0,10.0,772.0,222.0
1053,451.0,167.0,10.0,10.0,456.0,172.0
1054,739.0,166.0,10.0,10.0,744.0,171.0
1055,118.0,257.0,10.0,10.0,123.0,262.0
1056,420.0,217.0,10.0,10.0,425.0,222.0
1057,48.0,158.0,10.0,10.0,53.0,163.0
1058,535.0,513.0,10.0,10.0,540.0,518.0
1059,749.0,644.0,10.0,10.0,754.0,649.0
1060,28.0,5.0,10.0,10.0,33.0,10.0
1061,351.0,507.0,10.0,10.0,356.0,512.0
1062,91.0,263.0,10.0,10.0,96.0,268.0
1063,393.0,327.0,10.0,10.0,398.0,332.0
1064,421.0,646.0,10.0,10.0,426.0,651.0
1065,619.0,329.0,10.0,10.0,624.0,334.0
1066,401.0,503.0,10.0,10.0,406.0,508.0
1067,19.0,6.0,10.0,10.0,24.0,11.0
1068,741.0,217.0,10.0,10.0,746.0,222.0
1069,606.0,265.0,10.0,10.0,611.0,270.0
1070,79.0,501.0,10.0,10.0,84.0,506.0
1071,84.0,645.0,10.0,10.0,89.0,650.0
1072,279.0,6.0,10.0,10.0,284.0,11.0
1073,539.0,333.0,10.0,10.0,544.0,338.0
1074,315.0,143.0,10.0,10.0,320.0,148.0
1075,542.0,261.0,10.0,10.0,547.0,266.0
1076,267.0,653.0,10.0,10.0,272.0,658.0
1077,375.0,789.0,10.0,10.0,380.0,794.0
1078,571.0,698.0,10.0,10.0,576.0,703.0
1079,575.0,771.0,10.0,10.0,580.0,776.0
1080,219.0,529.0,10.0,10.0,224.0,534.0
1081,550.0,767.0,10.0,10.0,555.0,772.0
1082,691.0,251.0,10.0,10.0,696.0,256.0
1083,237.0,665.0,10.0,10.0,242.0,670.0
1084,73.0,765.0,10.0,10.0,78.0,770.0
1085,305.0,529.0,10.0,10.0,310.0,534.0
1086,397.0,662.0,10.0,10.0,402.0,667.0
1087,69.0,249.0,10.0,10.0,74.0,254.0
1088,566.0,177.0,10.0,10.0,571.0,182.0
1089,640.0,779.0,10.0,10.0,645.0,784.0
1090,279.0,531.0,10.0,10.0,284.0,536.0
1091,266.0,633.0,10.0,10.0,271.0,638.0
1092,501.0,779.0,10.0,10.0,506.0,784.0
1093,744.0,323.0,10.0,10.0,749.0,328.0
1094,84.0,523.0,10.0,10.0,89.0,528.0
1095,233.0,783.0,10.0,10.0,238.0,788.0
1096,649.0,783.0,10.0,10.0,654.0,788.0
1097,310.0,671.0,10.0,10.0,315.0,676.0
1098,523.0,536.0,10.0,10.0,528.0,541.0
1099,169.0,221.0,10.0,10.0,174.0,226.0
1100,486.0,520.0,10.0,10.0,491.0,525.0
1101,185.0,542.0,10.0,10.0,190.0,547.0
1102,128.0,257.0,10.0,10.0,133.0,262.0
1103,715.0,779.0,10.0,10.0,720.0,784.0
1104,520.0,663.0,10.0,10.0,525.0,668.0
1105,334.0,208.0,11.0,11.0,340.0,214.0
1106,166.0,64.0,11.0,11.0,172.0,70.0
1107,368.0,202.0,11.0,11.0,374.0,208.0
1108,526.0,204.0,11.0,11.0,532.0,210.0
1109,42.0,288.0,11.0,11.0,48.0,294.0
1110,432.0,30.0,11.0,11.0,438.0,36.0
1111,762.0,612.0,11.0,11.0,768.0,618.0
1112,98.0,24.0,11.0,11.0,104.0,30.0
1113,772.0,370.0,11.0,11.0,778.0,376.0
1114,556.0,284.0,11.0,11.0,562.0,290.0
1115,128.0,689.0,11.0,11.0,134.0,694.0
1116,280.0,686.0,11.0,11.0,286.0,692.0
1117,124.0,398.0,11.0,11.0,130.0,404.0
1118,266.0,28.0,11.0,11.0,272.0,34.0
1119,306.0,284.0,11.0,11.0,312.0,290.0
1120,140.0,691.0,11.0,11.0,146.0,696.0
1121,777.0,375.0,11.0,11.0,782.0,380.0
1122,314.0,88.0,11.0,11.0,320.0,94.0
1123,400.0,124.0,11.0,11.0,406.0,130.0
1124,498.0,438.0,11.0,11.0,504.0,444.0
1125,618.0,108.0,11.0,11.0,624.0,114.0
1126,290.0,764.0,11.0,11.0,296.0,770.0
1127,293.0,585.0,11.0,11.0,298.0,590.0
1128,424.0,256.0,11.0,11.0,430.0,262.0
1129,426.0,90.0,11.0,11.0,432.0,96.0
1130,492.0,344.0,11.0,11.0,498.0,350.0
1131,476.0,92.0,11.0,11.0,482.0,98.0
1132,214.0,520.0,11.0,11.0,220.0,526.0
1133,476.0,744.0,11.0,11.0,482.0,750.0
1134,110.0,746.0,11.0,11.0,116.0,752.0
1135,174.0,750.0,11.0,11.0,180.0,756.0
1136,116.0,776.0,11.0,11.0,122.0,782.0
1137,384.0,102.0,11.0,11.0,390.0,108.0
1138,170.0,774.0,11.0,11.0,176.0,780.0
1139,708.0,187.0,11.0,11.0,714.0,192.0
1140,90.0,786.0,11.0,11.0,96.0,792.0
1141,214.0,178.0,11.0,11.0,220.0,184.0
1142,466.0,703.0,11.0,11.0,472.0,708.0
1143,716.0,600.0,11.0,11.0,722.0,606.0
1144,38.0,298.0,11.0,11.0,44.0,304.0
1145,418.0,299.0,11.0,11.0,424.0,304.0
1146,92.0,486.0,11.0,11.0,98.0,492.0
1147,740.0,74.0,11.0,11.0,746.0,80.0
1148,8.0,430.0,11.0,11.0,14.0,436.0
1149,754.0,174.0,11.0,11.0,760.0,180.0
1150,374.0,6.0,11.0,11.0,380.0,12.0
1151,648.0,590.0,11.0,11.0,654.0,596.0
1152,226.0,586.0,11.0,11.0,232.0,592.0
1153,6.0,178.0,11.0,11.0,12.0,184.0
1154,452.0,128.0,11.0,11.0,458.0,134.0
1155,476.0,168.0,11.0,11.0,482.0,174.0
1156,286.0,476.0,11.0,11.0,292.0,482.0
1157,362.0,512.0,11.0,11.0,368.0,518.0
1158,190.0,532.0,11.0,11.0,196.0,538.0
1159,675.0,341.0,12.0,12.0,681.0,347.0
1160,635.0,261.0,12.0,12.0,641.0,267.0
1161,627.0,236.0,12.0,12.0,633.0,242.0
1162,140.0,18.0,12.0,12.0,146.0,24.0
1163,177.0,56.0,12.0,12.0,183.0,62.0
1164,723.0,17.0,12.0,12.0,729.0,23.0
1165,232.0,12.0,12.0,12.0,238.0,18.0
1166,101.0,467.0,12.0,12.0,107.0,473.0
1167,691.0,555.0,12.0,12.0,697.0,561.0
1168,391.0,422.0,12.0,12.0,397.0,428.0
1169,23.0,668.0,12.0,12.0,29.0,674.0
1170,15.0,557.0,12.0,12.0,21.0,563.0
1171,58.0,0.0,12.0,12.0,64.0,6.0
1172,520.0,83.0,12.0,12.0,526.0,89.0
1173,672.0,0.0,12.0,12.0,678.0,6.0
1174,684.0,84.0,12.0,12.0,690.0,90.0
1175,685.0,643.0,12.0,12.0,691.0,649.0
1176,789.0,552.0,12.0,12.0,795.0,558.0
1177,194.0,554.0,12.0,12.0,200.0,560.0
1178,492.0,34.0,12.0,12.0,498.0,40.0
1179,382.0,630.0,12.0,12.0,388.0,636.0
1180,403.0,762.0,12.0,12.0,409.0,768.0
1181,251.0,775.0,12.0,12.0,257.0,781.0
1182,83.0,174.0,12.0,12.0,89.0,180.0
1183,152.0,172.0,12.0,12.0,158.0,178.0
1184,410.0,515.0,12.0,12.0,416.0,521.0
1185,638.0,159.0,12.0,12.0,644.0,165.0
1186,128.0,566.0,12.0,12.0,134.0,572.0
1187,408.0,642.0,12.0,12.0,414.0,648.0
1188,657.0,662.0,12.0,12.0,663.0,668.0
1189,401.0,664.0,12.0,12.0,407.0,670.0
1190,604.0,630.0,12.0,12.0,610.0,636.0
1191,625.0,626.0,12.0,12.0,631.0,632.0
1192,123.0,204.0,12.0,12.0,129.0,210.0
1193,104.0,607.0,12.0,12.0,110.0,613.0
1194,128.0,287.0,12.0,12.0,134.0,293.0
1195,490.0,223.0,12.0,12.0,496.0,229.0
1196,118.0,591.0,12.0,12.0,124.0,597.0
1197,481.0,286.0,12.0,12.0,487.0,292.0
1198,589.0,480.0,12.0,12.0,595.0,486.0
1199,226.0,432.0,12.0,12.0,232.0,438.0
1200,702.0,453.0,12.0,12.0,708.0,459.0
1201,477.0,275.0,12.0,12.0,483.0,281.0
1202,604.0,420.0,12.0,12.0,610.0,426.0
1203,73.0,66.0,12.0,12.0,79.0,72.0
1204,64.0,269.0,12.0,12.0,70.0,275.0
1205,667.0,82.0,12.0,12.0,673.0,88.0
1206,458.0,407.0,12.0,12.0,464.0,413.0
1207,66.0,476.0,12.0,12.0,72.0,482.0
1208,491.0,383.0,12.0,12.0,497.0,389.0
1209,140.0,394.0,12.0,12.0,146.0,400.0
1210,269.0,427.0,13.0,13.0,276.0,434.0
1211,21.0,697.0,13.0,13.0,28.0,704.0
1212,15.0,731.0,13.0,13.0,22.0,738.0
1213,649.0,174.0,13.0,13.0,656.0,180.0
1214,65.0,203.0,13.0,13.0,72.0,210.0
1215,29.0,760.0,13.0,13.0,36.0,766.0
1216,380.0,15.0,13.0,13.0,386.0,22.0
1217,221.0,551.0,13.0,13.0,228.0,558.0
1218,38.0,607.0,13.0,13.0,44.0,614.0
1219,121.0,462.0,14.0,14.0,128.0,469.0
1220,726.0,668.0,14.0,14.0,733.0,675.0
1221,170.0,201.0,14.0,14.0,177.0,208.0
1222,23.0,643.0,14.0,14.0,30.0,650.0
1223,125.0,625.0,14.0,14.0,132.0,632.0
1224,331.0,80.0,14.0,14.0,338.0,87.0
1225,520.0,639.0,14.0,14.0,527.0,646.0
1226,211.0,637.0,14.0,14.0,218.0,644.0
1227,350.0,675.0,14.0,14.0,357.0,682.0
1228,442.0,675.0,14.0,14.0,449.0,682.0
1229,397.0,673.0,14.0,14.0,404.0,680.0
1230,226.0,35.0,14.0,14.0,233.0,42.0
1231,544.0,429.0,14.0,14.0,551.0,436.0
1232,573.0,487.0,14.0,14.0,580.0,494.0
1233,757.0,148.0,14.0,14.0,764.0,155.0
1234,368.0,475.0,14.0,14.0,375.0,482.0
1235,243.0,593.0,14.0,14.0,250.0,600.0
1236,316.0,104.0,14.0,14.0,323.0,111.0
1237,93.0,169.0,14.0,14.0,100.0,176.0
1238,561.0,101.0,14.0,14.0,568.0,108.0
1239,182.0,459.0,14.0,14.0,189.0,466.0
1240,745.0,757.0,14.0,14.0,752.0,764.0
1241,35.0,549.0,14.0,14.0,42.0,556.0
1242,550.0,769.0,14.0,14.0,557.0,776.0
1243,785.0,250.0,14.0,14.0,792.0,257.0
1244,529.0,717.0,14.0,14.0,536.0,724.0
1245,576.0,717.0,14.0,14.0,583.0,724.0
1246,729.0,187.0,14.0,14.0,736.0,194.0
1247,369.0,709.0,14.0,14.0,376.0,716.0
1248,441.0,534.0,14.0,14.0,448.0,541.0
1249,560.0,77.0,14.0,14.0,567.0,84.0
1250,452.0,181.0,15.0,15.0,460.0,188.0
1251,115.0,135.0,15.0,15.0,122.0,142.0
1252,152.0,696.0,15.0,15.0,160.0,704.0
1253,96.0,351.0,15.0,15.0,104.0,358.0
1254,517.0,376.0,15.0,15.0,524.0,384.0
1255,352.0,144.0,15.0,15.0,360.0,152.0
1256,534.0,56.0,15.0,15.0,542.0,64.0
1257,774.0,784.0,15.0,15.0,782.0,792.0
1258,202.0,572.0,15.0,15.0,210.0,580.0
1259,277.0,72.0,16.0,16.0,285.0,80.0
1260,183.0,74.0,16.0,16.0,191.0,82.0
1261,758.0,750.0,16.0,16.0,766.0,758.0
1262,108.0,745.0,16.0,16.0,116.0,753.0
1263,677.0,448.0,16.0,16.0,685.0,456.0
1264,96.0,22.0,16.0,16.0,104.0,30.0
1265,-2.0,389.0,16.0,16.0,6.0,397.0
1266,678.0,784.0,16.0,16.0,686.0,792.0
1267,346.0,261.0,16.0,16.0,354.0,269.0
1268,80.0,120.0,16.0,16.0,88.0,128.0
1269,696.0,150.0,16.0,16.0,704.0,158.0
1270,718.0,195.0,16.0,16.0,726.0,203.0
1271,562.0,650.0,16.0,16.0,570.0,658.0
1272,316.0,630.0,16.0,16.0,324.0,638.0
1273,662.0,384.0,16.0,16.0,670.0,392.0
1274,433.0,120.0,16.0,16.0,441.0,128.0
1275,13.0,382.0,16.0,16.0,21.0,390.0
1276,667.0,91.0,16.0,16.0,675.0,99.0
1277,330.0,25.0,17.0,17.0,338.0,34.0
1278,456.0,728.0,17.0,17.0,464.0,736.0
1279,528.0,253.0,17.0,17.0,536.0,262.0
1280,1.0,231.0,17.0,17.0,10.0,240.0
1281,531.0,757.0,17.0,17.0,540.0,766.0
1282,571.0,765.0,17.0,17.0,580.0,774.0
1283,610.0,308.0,17.0,17.0,618.0,316.0
1284,254.0,611.0,18.0,18.0,263.0,620.0
1285,56.0,699.0,18.0,18.0,65.0,708.0
1286,720.0,329.0,18.0,18.0,729.0,338.0
1287,640.0,584.0,18.0,18.0,649.0,593.0
1288,481.0,101.0,18.0,18.0,490.0,110.0
1289,124.0,544.0,19.0,19.0,134.0,554.0
1290,215.0,772.0,19.0,19.0,224.0,782.0
1291,478.0,496.0,19.0,19.0,488.0,506.0
1292,608.0,483.0,19.0,19.0,618.0,492.0
1293,51.0,672.0,20.0,20.0,61.0,682.0
1294,451.0,625.0,20.0,20.0,461.0,635.0
1295,597.0,248.0,20.0,20.0,607.0,258.0
1296,745.0,674.0,20.0,20.0,755.0,684.0
1297,609.0,396.0,21.0,21.0,620.0,406.0
1298,647.0,724.0,21.0,21.0,658.0,734.0
1299,588.0,135.0,22.0,22.0,599.0,146.0
1300,586.0,326.0,22.0,22.0,597.0,337.0
1301,62.0,73.0,22.0,22.0,73.0,84.0
1302,233.0,539.0,22.0,22.0,244.0,550.0
1303,601.0,170.0,22.0,22.0,612.0,181.0
1304,709.0,47.0,22.0,22.0,720.0,58.0
1305,354.0,592.0,22.0,22.0,365.0,603.0
1306,733.0,234.0,23.0,23.0,744.0,246.0
1307,501.0,532.0,24.0,24.0,513.0,544.0
1308,115.0,659.0,24.0,24.0,127.0,671.0
1309,282.0,661.0,24.0,24.0,294.0,673.0
1310,388.0,253.0,24.0,24.0,400.0,265.0
1311,430.0,713.0,24.0,24.0,442.0,725.0
1312,605.0,446.0,24.0,24.0,617.0,458.0
1313,591.0,98.0,25.0,25.0,604.0,110.0
1314,53.0,350.0,25.0,25.0,66.0,362.0
1315,759.0,13.0,26.0,26.0,772.0,26.0
1316,48.0,427.0,26.0,26.0,61.0,440.0
1317,489.0,121.0,26.0,26.0,502.0,134.0
1318,734.0,539.0,28.0,28.0,748.0,553.0
1319,305.0,543.0,28.0,28.0,319.0,557.0
1320,551.0,127.0,28.0,28.0,565.0,141.0
1321,11.0,206.0,28.0,28.0,25.0,220.0
1322,256.0,706.0,28.0,28.0,270.0,720.0
1323,633.0,354.0,28.0,28.0,647.0,368.0
1324,751.0,51.0,30.0,30.0,766.0,66.0
1325,658.0,643.0,33.0,33.0,674.0,660.0
1326,294.0,-2.0,34.0,34.0,311.0,15.0
1327,738.0,74.0,36.0,36.0,756.0,92.0
1328,351.0,436.0,37.0,37.0,370.0,454.0
1329,238.0,52.0,38.0,38.0,257.0,71.0
1330,736.0,436.0,44.0,44.0,758.0,458.0
1331,238.0,88.0,48.0,48.0,262.0,112.0
1332,539.0,181.0,50.0,50.0,564.0,206.0
1333,305.0,298.0,52.0,52.0,331.0,324.0
1334,324.0,731.0,56.0,56.0,352.0,759.0
1335,459.0,227.0,62.0,62.0,490.0,258.0
1336,211.0,142.0,78.0,78.0,250.0,181.0
1337,178.0,49.0,78.0,78.0,217.0,88.0
1338,397.0,264.0,84.0,84.0,439.0,306.0
1339,322.0,59.0,86.0,86.0,365.0,102.0
1340,544.0,536.0,89.0,89.0,588.0,580.0
1341,642.0,502.0,98.0,98.0,691.0,551.0
1342,171.0,253.0,146.0,146.0,244.0,326.0
