ID,X,Y,W,H,C_X,CY
426,213.0,757.0,7.0,7.0,216.0,760.0
427,378.0,344.0,7.0,7.0,382.0,348.0
428,339.0,58.0,7.0,7.0,342.0,62.0
429,150.0,502.0,7.0,7.0,154.0,506.0
430,390.0,278.0,7.0,7.0,394.0,282.0
431,42.0,84.0,7.0,7.0,46.0,88.0
432,93.0,727.0,7.0,7.0,96.0,730.0
433,634.0,-0.0,6.0,6.0,638.0,3.0
434,47.0,701.0,7.0,7.0,50.0,704.0
435,208.0,357.0,7.0,7.0,212.0,360.0
436,252.0,266.0,7.0,7.0,256.0,270.0
437,172.0,82.0,7.0,7.0,176.0,86.0
438,156.0,338.0,7.0,7.0,160.0,342.0
439,634.0,624.0,7.0,7.0,638.0,628.0
440,596.0,676.0,7.0,7.0,600.0,680.0
441,562.0,506.0,7.0,7.0,566.0,510.0
442,514.0,76.0,7.0,7.0,518.0,80.0
443,762.0,676.0,7.0,7.0,766.0,680.0
444,74.0,498.0,7.0,7.0,78.0,502.0
445,560.0,70.0,7.0,7.0,564.0,74.0
446,585.0,623.0,7.0,7.0,588.0,626.0
447,346.0,514.0,7.0,7.0,350.0,518.0
448,240.0,70.0,7.0,7.0,244.0,74.0
449,752.0,86.0,7.0,7.0,756.0,90.0
450,190.0,86.0,7.0,7.0,194.0,90.0
451,24.0,72.0,7.0,7.0,28.0,76.0
452,57.0,639.0,7.0,7.0,60.0,642.0
453,606.0,678.0,7.0,7.0,610.0,682.0
454,204.0,506.0,7.0,7.0,208.0,510.0
455,28.0,272.0,7.0,7.0,32.0,276.0
456,728.0,502.0,7.0,7.0,732.0,506.0
457,638.0,64.0,7.0,7.0,642.0,68.0
458,404.0,64.0,7.0,7.0,408.0,68.0
459,768.0,266.0,7.0,7.0,772.0,270.0
460,518.0,266.0,7.0,7.0,522.0,270.0
461,113.0,578.0,7.0,7.0,116.0,582.0
462,99.0,661.0,7.0,7.0,102.0,664.0
463,18.0,696.0,7.0,7.0,22.0,700.0
464,22.0,526.0,7.0,7.0,26.0,530.0
465,746.0,252.0,7.0,7.0,750.0,256.0
466,150.0,280.0,7.0,7.0,154.0,284.0
467,476.0,558.0,7.0,7.0,480.0,562.0
468,-0.0,655.0,6.0,6.0,3.0,658.0
469,348.0,322.0,7.0,7.0,352.0,326.0
470,28.0,790.0,7.0,7.0,32.0,794.0
471,500.0,298.0,7.0,7.0,504.0,302.0
472,330.0,770.0,7.0,7.0,334.0,774.0
473,564.0,298.0,7.0,7.0,568.0,302.0
474,340.0,300.0,7.0,7.0,344.0,304.0
475,646.0,300.0,7.0,7.0,650.0,304.0
476,472.0,24.0,7.0,7.0,476.0,28.0
477,334.0,564.0,7.0,7.0,338.0,568.0
478,696.0,564.0,7.0,7.0,700.0,568.0
479,376.0,566.0,7.0,7.0,380.0,570.0
480,385.0,18.0,7.0,7.0,388.0,22.0
481,480.0,298.0,7.0,7.0,484.0,302.0
482,737.0,332.0,7.0,7.0,740.0,336.0
483,108.0,694.0,7.0,7.0,112.0,698.0
484,0.0,18.0,7.0,7.0,4.0,22.0
485,396.0,302.0,7.0,7.0,400.0,306.0
486,516.0,14.0,7.0,7.0,520.0,18.0
487,653.0,553.0,7.0,7.0,656.0,556.0
488,432.0,594.0,7.0,7.0,436.0,598.0
489,126.0,576.0,7.0,7.0,130.0,580.0
490,586.0,306.0,7.0,7.0,590.0,310.0
491,314.0,4.0,7.0,7.0,318.0,8.0
492,750.0,4.0,7.0,7.0,754.0,8.0
493,598.0,776.0,7.0,7.0,602.0,780.0
494,406.0,0.0,7.0,7.0,410.0,4.0
495,206.0,586.0,7.0,7.0,210.0,590.0
496,692.0,684.0,7.0,7.0,696.0,688.0
497,366.0,604.0,7.0,7.0,370.0,608.0
498,70.0,296.0,7.0,7.0,74.0,300.0
499,662.0,554.0,7.0,7.0,666.0,558.0
500,724.0,336.0,7.0,7.0,728.0,340.0
501,369.0,85.0,7.0,7.0,372.0,88.0
502,324.0,284.0,7.0,7.0,328.0,288.0
503,476.0,612.0,7.0,7.0,480.0,616.0
504,628.0,696.0,7.0,7.0,632.0,700.0
505,546.0,612.0,7.0,7.0,550.0,616.0
506,114.0,792.0,7.0,7.0,118.0,796.0
507,716.0,536.0,7.0,7.0,720.0,540.0
508,470.0,46.0,7.0,7.0,474.0,50.0
509,126.0,790.0,7.0,7.0,130.0,794.0
510,460.0,536.0,7.0,7.0,464.0,540.0
511,496.0,610.0,7.0,7.0,500.0,614.0
512,64.0,330.0,7.0,7.0,68.0,334.0
513,44.0,610.0,7.0,7.0,48.0,614.0
514,298.0,44.0,7.0,7.0,302.0,48.0
515,427.0,539.0,7.0,7.0,430.0,542.0
516,348.0,682.0,7.0,7.0,352.0,686.0
517,752.0,682.0,7.0,7.0,756.0,686.0
518,34.0,326.0,7.0,7.0,38.0,330.0
519,116.0,38.0,7.0,7.0,120.0,42.0
520,556.0,38.0,7.0,7.0,560.0,42.0
521,684.0,606.0,7.0,7.0,688.0,610.0
522,270.0,548.0,7.0,7.0,274.0,552.0
523,676.0,280.0,7.0,7.0,680.0,284.0
524,734.0,548.0,7.0,7.0,738.0,552.0
525,446.0,546.0,7.0,7.0,450.0,550.0
526,582.0,546.0,7.0,7.0,586.0,550.0
527,480.0,194.0,7.0,7.0,484.0,198.0
528,94.0,40.0,7.0,7.0,98.0,44.0
529,576.0,544.0,7.0,7.0,580.0,548.0
530,431.0,153.0,7.0,7.0,434.0,156.0
531,412.0,768.0,7.0,7.0,416.0,772.0
532,554.0,712.0,7.0,7.0,558.0,716.0
533,242.0,450.0,7.0,7.0,246.0,454.0
534,766.0,100.0,7.0,7.0,770.0,104.0
535,218.0,170.0,7.0,7.0,222.0,174.0
536,548.0,426.0,7.0,7.0,552.0,430.0
537,575.0,728.0,7.0,7.0,578.0,732.0
538,148.0,238.0,7.0,7.0,152.0,242.0
539,466.0,432.0,7.0,7.0,470.0,436.0
540,548.0,398.0,7.0,7.0,552.0,402.0
541,532.0,434.0,7.0,7.0,536.0,438.0
542,634.0,166.0,7.0,7.0,638.0,170.0
543,692.0,668.0,7.0,7.0,696.0,672.0
544,674.0,507.0,7.0,7.0,678.0,510.0
545,158.0,160.0,7.0,7.0,162.0,164.0
546,690.0,156.0,7.0,7.0,694.0,160.0
547,584.0,156.0,7.0,7.0,588.0,160.0
548,268.0,685.0,7.0,7.0,272.0,688.0
549,432.0,730.0,7.0,7.0,436.0,734.0
550,498.0,730.0,7.0,7.0,502.0,734.0
551,102.0,492.0,7.0,7.0,106.0,496.0
552,564.0,672.0,7.0,7.0,568.0,676.0
553,342.0,144.0,7.0,7.0,346.0,148.0
554,159.0,43.0,7.0,7.0,162.0,46.0
555,312.0,448.0,7.0,7.0,316.0,452.0
556,524.0,244.0,7.0,7.0,528.0,248.0
557,408.0,734.0,7.0,7.0,412.0,738.0
558,648.0,728.0,7.0,7.0,652.0,732.0
559,446.0,144.0,7.0,7.0,450.0,148.0
560,546.0,146.0,7.0,7.0,550.0,150.0
561,330.0,370.0,7.0,7.0,334.0,374.0
562,320.0,150.0,7.0,7.0,324.0,154.0
563,74.0,442.0,7.0,7.0,78.0,446.0
564,167.0,229.0,7.0,7.0,170.0,232.0
565,784.0,154.0,7.0,7.0,788.0,158.0
566,0.0,646.0,7.0,7.0,4.0,650.0
567,416.0,450.0,7.0,7.0,420.0,454.0
568,202.0,174.0,7.0,7.0,206.0,178.0
569,548.0,178.0,7.0,7.0,552.0,182.0
570,26.0,664.0,7.0,7.0,30.0,668.0
571,406.0,662.0,7.0,7.0,410.0,666.0
572,454.0,222.0,7.0,7.0,458.0,226.0
573,278.0,216.0,7.0,7.0,282.0,220.0
574,306.0,400.0,7.0,7.0,310.0,404.0
575,24.0,214.0,7.0,7.0,28.0,218.0
576,784.0,212.0,7.0,7.0,788.0,216.0
577,650.0,400.0,7.0,7.0,654.0,404.0
578,710.0,392.0,7.0,7.0,714.0,396.0
579,640.0,224.0,7.0,7.0,644.0,228.0
580,300.0,402.0,7.0,7.0,304.0,406.0
581,680.0,660.0,7.0,7.0,684.0,664.0
582,130.0,224.0,7.0,7.0,134.0,228.0
583,602.0,202.0,7.0,7.0,606.0,206.0
584,608.0,390.0,7.0,7.0,612.0,394.0
585,68.0,408.0,7.0,7.0,72.0,412.0
586,142.0,196.0,7.0,7.0,146.0,200.0
587,530.0,418.0,7.0,7.0,534.0,422.0
588,399.0,232.0,7.0,7.0,402.0,236.0
589,764.0,184.0,7.0,7.0,768.0,188.0
590,-0.0,376.0,6.0,6.0,3.0,380.0
591,178.0,190.0,7.0,7.0,182.0,194.0
592,458.0,230.0,7.0,7.0,462.0,234.0
593,240.0,380.0,7.0,7.0,244.0,384.0
594,512.0,192.0,7.0,7.0,516.0,196.0
595,734.0,412.0,7.0,7.0,738.0,416.0
596,252.0,658.0,7.0,7.0,256.0,662.0
597,217.0,411.0,7.0,7.0,220.0,414.0
598,162.0,194.0,7.0,7.0,166.0,198.0
599,356.0,194.0,7.0,7.0,360.0,198.0
600,176.0,230.0,7.0,7.0,180.0,234.0
601,352.0,658.0,7.0,7.0,356.0,662.0
602,722.0,138.0,7.0,7.0,726.0,142.0
603,587.0,177.0,7.0,7.0,590.0,180.0
604,268.0,480.0,7.0,7.0,272.0,484.0
605,398.0,738.0,7.0,7.0,402.0,742.0
606,544.0,248.0,7.0,7.0,548.0,252.0
607,250.0,128.0,7.0,7.0,254.0,132.0
608,264.0,126.0,7.0,7.0,268.0,130.0
609,220.0,250.0,7.0,7.0,224.0,254.0
610,380.0,116.0,7.0,7.0,384.0,120.0
611,78.0,714.0,7.0,7.0,82.0,718.0
612,160.0,250.0,7.0,7.0,164.0,254.0
613,479.0,478.0,7.0,7.0,482.0,482.0
614,720.0,110.0,7.0,7.0,724.0,114.0
615,4.0,354.0,7.0,7.0,8.0,358.0
616,508.0,714.0,7.0,7.0,512.0,718.0
617,748.0,466.0,7.0,7.0,752.0,470.0
618,626.0,476.0,7.0,7.0,630.0,480.0
619,530.0,476.0,7.0,7.0,534.0,480.0
620,760.0,114.0,7.0,7.0,764.0,118.0
621,119.0,7.0,7.0,7.0,122.0,10.0
622,246.0,476.0,7.0,7.0,250.0,480.0
623,516.0,740.0,7.0,7.0,520.0,744.0
624,656.0,138.0,7.0,7.0,660.0,142.0
625,299.0,570.0,7.0,7.0,302.0,574.0
626,114.0,252.0,7.0,7.0,118.0,256.0
627,726.0,258.0,7.0,7.0,730.0,262.0
628,18.0,744.0,7.0,7.0,22.0,748.0
629,150.0,362.0,7.0,7.0,154.0,366.0
630,75.0,409.0,7.0,7.0,78.0,412.0
631,214.0,102.0,7.0,7.0,218.0,106.0
632,330.0,352.0,7.0,7.0,334.0,356.0
633,326.0,262.0,7.0,7.0,330.0,266.0
634,760.0,132.0,7.0,7.0,764.0,136.0
635,338.0,136.0,7.0,7.0,342.0,140.0
636,248.0,136.0,7.0,7.0,252.0,140.0
637,194.0,744.0,7.0,7.0,198.0,748.0
638,590.0,132.0,7.0,7.0,594.0,136.0
639,74.0,368.0,7.0,7.0,78.0,372.0
640,454.0,634.0,7.0,7.0,458.0,638.0
641,228.0,482.0,7.0,7.0,232.0,486.0
642,700.0,456.0,7.0,7.0,704.0,460.0
643,506.0,370.0,8.0,8.0,510.0,374.0
644,559.0,676.0,8.0,8.0,563.0,680.0
645,422.0,636.0,8.0,8.0,426.0,640.0
646,447.0,770.0,8.0,8.0,451.0,774.0
647,78.0,143.0,8.0,8.0,82.0,147.0
648,678.0,722.0,8.0,8.0,682.0,726.0
649,720.0,709.0,8.0,8.0,724.0,713.0
650,286.0,657.0,8.0,8.0,290.0,661.0
651,758.0,624.0,8.0,8.0,762.0,628.0
652,248.0,589.0,8.0,8.0,252.0,593.0
653,176.0,726.0,8.0,8.0,180.0,730.0
654,428.0,526.0,8.0,8.0,432.0,530.0
655,498.0,707.0,8.0,8.0,502.0,711.0
656,270.0,262.0,8.0,8.0,274.0,266.0
657,530.0,684.0,8.0,8.0,534.0,688.0
658,440.0,726.0,8.0,8.0,444.0,730.0
659,352.0,595.0,8.0,8.0,356.0,599.0
660,124.0,597.0,8.0,8.0,128.0,601.0
661,166.0,723.0,8.0,8.0,170.0,727.0
662,741.0,592.0,8.0,8.0,745.0,596.0
663,197.0,774.0,8.0,8.0,201.0,778.0
664,254.0,775.0,8.0,8.0,258.0,779.0
665,302.0,782.0,8.0,8.0,306.0,786.0
666,780.0,780.0,8.0,8.0,784.0,784.0
667,224.0,721.0,8.0,8.0,228.0,725.0
668,770.0,752.0,8.0,8.0,774.0,756.0
669,333.0,744.0,8.0,8.0,337.0,748.0
670,105.0,772.0,8.0,8.0,109.0,776.0
671,240.0,721.0,8.0,8.0,244.0,725.0
672,93.0,774.0,8.0,8.0,97.0,778.0
673,517.0,690.0,8.0,8.0,521.0,694.0
674,227.0,746.0,8.0,8.0,231.0,750.0
675,30.0,685.0,8.0,8.0,34.0,689.0
676,272.0,618.0,8.0,8.0,276.0,622.0
677,313.0,665.0,8.0,8.0,317.0,669.0
678,462.0,35.0,8.0,8.0,466.0,39.0
679,324.0,611.0,8.0,8.0,328.0,615.0
680,754.0,667.0,8.0,8.0,758.0,671.0
681,244.0,236.0,8.0,8.0,248.0,240.0
682,721.0,730.0,8.0,8.0,725.0,734.0
683,636.0,732.0,8.0,8.0,640.0,736.0
684,292.0,736.0,8.0,8.0,296.0,740.0
685,260.0,645.0,8.0,8.0,264.0,649.0
686,234.0,697.0,8.0,8.0,238.0,701.0
687,718.0,697.0,8.0,8.0,722.0,701.0
688,548.0,488.0,8.0,8.0,552.0,492.0
689,339.0,86.0,8.0,8.0,343.0,90.0
690,558.0,792.0,8.0,8.0,562.0,796.0
691,735.0,734.0,8.0,8.0,739.0,738.0
692,239.0,622.0,8.0,8.0,243.0,626.0
693,502.0,736.0,8.0,8.0,506.0,740.0
694,182.0,620.0,8.0,8.0,186.0,624.0
695,256.0,671.0,8.0,8.0,260.0,675.0
696,428.0,735.0,8.0,8.0,432.0,739.0
697,632.0,758.0,8.0,8.0,636.0,762.0
698,43.0,736.0,8.0,8.0,47.0,740.0
699,347.0,616.0,8.0,8.0,351.0,620.0
700,498.0,53.0,8.0,8.0,502.0,57.0
701,218.0,673.0,8.0,8.0,222.0,677.0
702,674.0,792.0,8.0,8.0,678.0,796.0
703,664.0,663.0,8.0,8.0,668.0,667.0
704,240.0,731.0,8.0,8.0,244.0,735.0
705,465.0,682.0,8.0,8.0,469.0,686.0
706,42.0,755.0,8.0,8.0,46.0,759.0
707,360.0,654.0,8.0,8.0,364.0,658.0
708,303.0,720.0,8.0,8.0,307.0,724.0
709,648.0,652.0,8.0,8.0,652.0,656.0
710,601.0,740.0,8.0,8.0,605.0,744.0
711,22.0,510.0,8.0,8.0,26.0,514.0
712,67.0,718.0,8.0,8.0,71.0,722.0
713,512.0,695.0,8.0,8.0,516.0,699.0
714,434.0,164.0,8.0,8.0,438.0,168.0
715,260.0,756.0,8.0,8.0,264.0,760.0
716,492.0,640.0,8.0,8.0,496.0,644.0
717,633.0,738.0,8.0,8.0,637.0,742.0
718,773.0,606.0,8.0,8.0,777.0,610.0
719,270.0,705.0,8.0,8.0,274.0,709.0
720,210.0,678.0,8.0,8.0,214.0,682.0
721,230.0,677.0,8.0,8.0,234.0,681.0
722,411.0,788.0,8.0,8.0,415.0,792.0
723,792.0,757.0,8.0,8.0,796.0,761.0
724,714.0,740.0,8.0,8.0,718.0,744.0
725,602.0,624.0,8.0,8.0,606.0,628.0
726,694.0,766.0,8.0,8.0,698.0,770.0
727,0.0,792.0,8.0,8.0,4.0,796.0
728,246.0,668.0,8.0,8.0,250.0,672.0
729,692.0,607.0,8.0,8.0,696.0,611.0
730,189.0,728.0,8.0,8.0,193.0,732.0
731,165.0,749.0,8.0,8.0,169.0,753.0
732,250.0,780.0,8.0,8.0,254.0,784.0
733,496.0,586.0,8.0,8.0,500.0,590.0
734,538.0,101.0,8.0,8.0,542.0,105.0
735,164.0,329.0,8.0,8.0,168.0,333.0
736,126.0,103.0,8.0,8.0,130.0,107.0
737,192.0,102.0,8.0,8.0,196.0,106.0
738,738.0,325.0,8.0,8.0,742.0,329.0
739,747.0,319.0,8.0,8.0,751.0,323.0
740,634.0,319.0,8.0,8.0,638.0,323.0
741,710.0,317.0,8.0,8.0,714.0,321.0
742,204.0,317.0,8.0,8.0,208.0,321.0
743,176.0,317.0,8.0,8.0,180.0,321.0
744,502.0,310.0,8.0,8.0,506.0,314.0
745,240.0,310.0,8.0,8.0,244.0,314.0
746,80.0,310.0,8.0,8.0,84.0,314.0
747,388.0,330.0,8.0,8.0,392.0,334.0
748,316.0,309.0,8.0,8.0,320.0,313.0
749,702.0,306.0,8.0,8.0,706.0,310.0
750,640.0,305.0,8.0,8.0,644.0,309.0
751,299.0,305.0,8.0,8.0,303.0,309.0
752,216.0,108.0,8.0,8.0,220.0,112.0
753,58.0,302.0,8.0,8.0,62.0,306.0
754,17.0,302.0,8.0,8.0,21.0,306.0
755,522.0,112.0,8.0,8.0,526.0,116.0
756,108.0,587.0,8.0,8.0,112.0,591.0
757,4.0,295.0,8.0,8.0,8.0,299.0
758,512.0,114.0,8.0,8.0,516.0,118.0
759,486.0,120.0,8.0,8.0,490.0,124.0
760,546.0,291.0,8.0,8.0,550.0,295.0
761,411.0,290.0,8.0,8.0,415.0,294.0
762,62.0,309.0,8.0,8.0,66.0,313.0
763,478.0,289.0,8.0,8.0,482.0,293.0
764,136.0,334.0,8.0,8.0,140.0,338.0
765,610.0,335.0,8.0,8.0,614.0,339.0
766,624.0,392.0,8.0,8.0,628.0,396.0
767,446.0,80.0,8.0,8.0,450.0,84.0
768,744.0,387.0,8.0,8.0,748.0,391.0
769,144.0,83.0,8.0,8.0,148.0,87.0
770,140.0,156.0,8.0,8.0,144.0,160.0
771,619.0,385.0,8.0,8.0,623.0,389.0
772,8.0,378.0,8.0,8.0,12.0,382.0
773,742.0,90.0,8.0,8.0,746.0,94.0
774,611.0,93.0,8.0,8.0,615.0,97.0
775,512.0,370.0,8.0,8.0,516.0,374.0
776,323.0,368.0,8.0,8.0,327.0,372.0
777,124.0,369.0,8.0,8.0,128.0,373.0
778,36.0,369.0,8.0,8.0,40.0,373.0
779,783.0,332.0,8.0,8.0,787.0,336.0
780,486.0,95.0,8.0,8.0,490.0,99.0
781,253.0,362.0,8.0,8.0,257.0,366.0
782,252.0,355.0,8.0,8.0,256.0,359.0
783,568.0,350.0,8.0,8.0,572.0,354.0
784,468.0,350.0,8.0,8.0,472.0,354.0
785,253.0,345.0,8.0,8.0,257.0,349.0
786,53.0,346.0,8.0,8.0,57.0,350.0
787,520.0,344.0,8.0,8.0,524.0,348.0
788,300.0,344.0,8.0,8.0,304.0,348.0
789,196.0,344.0,8.0,8.0,200.0,348.0
790,47.0,343.0,8.0,8.0,51.0,347.0
791,652.0,341.0,8.0,8.0,656.0,345.0
792,292.0,100.0,8.0,8.0,296.0,104.0
793,3.0,336.0,8.0,8.0,7.0,340.0
794,567.0,97.0,8.0,8.0,571.0,101.0
795,86.0,288.0,8.0,8.0,90.0,292.0
796,618.0,122.0,8.0,8.0,622.0,126.0
797,443.0,284.0,8.0,8.0,447.0,288.0
798,756.0,234.0,8.0,8.0,760.0,238.0
799,423.0,234.0,8.0,8.0,427.0,238.0
800,440.0,145.0,8.0,8.0,444.0,149.0
801,76.0,233.0,8.0,8.0,80.0,237.0
802,613.0,437.0,8.0,8.0,617.0,441.0
803,619.0,228.0,8.0,8.0,623.0,232.0
804,453.0,144.0,8.0,8.0,457.0,148.0
805,737.0,224.0,8.0,8.0,741.0,228.0
806,612.0,148.0,8.0,8.0,616.0,152.0
807,181.0,210.0,8.0,8.0,185.0,214.0
808,765.0,202.0,8.0,8.0,769.0,206.0
809,32.0,197.0,8.0,8.0,36.0,201.0
810,641.0,137.0,8.0,8.0,645.0,141.0
811,495.0,190.0,8.0,8.0,499.0,194.0
812,434.0,186.0,8.0,8.0,438.0,190.0
813,706.0,184.0,8.0,8.0,710.0,188.0
814,202.0,183.0,8.0,8.0,206.0,187.0
815,548.0,153.0,8.0,8.0,552.0,157.0
816,668.0,180.0,8.0,8.0,672.0,184.0
817,708.0,178.0,8.0,8.0,712.0,182.0
818,139.0,174.0,8.0,8.0,143.0,178.0
819,257.0,173.0,8.0,8.0,261.0,177.0
820,272.0,172.0,8.0,8.0,276.0,176.0
821,232.0,168.0,8.0,8.0,236.0,172.0
822,406.0,164.0,8.0,8.0,410.0,168.0
823,678.0,504.0,8.0,8.0,682.0,508.0
824,305.0,157.0,8.0,8.0,309.0,161.0
825,606.0,188.0,8.0,8.0,610.0,192.0
826,605.0,151.0,8.0,8.0,609.0,155.0
827,629.0,236.0,8.0,8.0,633.0,240.0
828,137.0,236.0,8.0,8.0,141.0,240.0
829,493.0,283.0,8.0,8.0,497.0,287.0
830,169.0,124.0,8.0,8.0,173.0,128.0
831,74.0,279.0,8.0,8.0,78.0,283.0
832,336.0,275.0,8.0,8.0,340.0,279.0
833,562.0,273.0,8.0,8.0,566.0,277.0
834,101.0,272.0,8.0,8.0,105.0,276.0
835,396.0,124.0,8.0,8.0,400.0,128.0
836,342.0,126.0,8.0,8.0,346.0,130.0
837,111.0,130.0,8.0,8.0,115.0,134.0
838,670.0,270.0,8.0,8.0,674.0,274.0
839,780.0,269.0,8.0,8.0,784.0,273.0
840,458.0,267.0,8.0,8.0,462.0,271.0
841,754.0,264.0,8.0,8.0,758.0,268.0
842,788.0,264.0,8.0,8.0,792.0,268.0
843,480.0,264.0,8.0,8.0,484.0,268.0
844,32.0,264.0,8.0,8.0,36.0,268.0
845,704.0,261.0,8.0,8.0,708.0,265.0
846,348.0,261.0,8.0,8.0,352.0,265.0
847,266.0,261.0,8.0,8.0,270.0,265.0
848,277.0,135.0,8.0,8.0,281.0,139.0
849,384.0,135.0,8.0,8.0,388.0,139.0
850,507.0,250.0,8.0,8.0,511.0,254.0
851,183.0,136.0,8.0,8.0,187.0,140.0
852,696.0,248.0,8.0,8.0,700.0,252.0
853,698.0,136.0,8.0,8.0,702.0,140.0
854,619.0,243.0,8.0,8.0,623.0,247.0
855,596.0,357.0,8.0,8.0,600.0,361.0
856,42.0,238.0,8.0,8.0,46.0,242.0
857,386.0,394.0,8.0,8.0,390.0,398.0
858,72.0,394.0,8.0,8.0,76.0,398.0
859,131.0,76.0,8.0,8.0,135.0,80.0
860,306.0,506.0,8.0,8.0,310.0,510.0
861,510.0,23.0,8.0,8.0,514.0,27.0
862,543.0,538.0,8.0,8.0,547.0,542.0
863,416.0,535.0,8.0,8.0,420.0,539.0
864,496.0,24.0,8.0,8.0,500.0,28.0
865,253.0,532.0,8.0,8.0,257.0,536.0
866,583.0,732.0,8.0,8.0,587.0,736.0
867,491.0,532.0,8.0,8.0,495.0,536.0
868,704.0,28.0,8.0,8.0,708.0,32.0
869,368.0,751.0,8.0,8.0,372.0,755.0
870,594.0,526.0,8.0,8.0,598.0,530.0
871,326.0,524.0,8.0,8.0,330.0,528.0
872,724.0,28.0,8.0,8.0,728.0,32.0
873,208.0,785.0,8.0,8.0,212.0,789.0
874,440.0,519.0,8.0,8.0,444.0,523.0
875,135.0,32.0,8.0,8.0,139.0,36.0
876,152.0,510.0,8.0,8.0,156.0,514.0
877,63.0,508.0,8.0,8.0,67.0,512.0
878,450.0,248.0,8.0,8.0,454.0,252.0
879,687.0,505.0,8.0,8.0,691.0,509.0
880,286.0,395.0,8.0,8.0,290.0,399.0
881,326.0,504.0,8.0,8.0,330.0,508.0
882,333.0,503.0,8.0,8.0,337.0,507.0
883,144.0,501.0,8.0,8.0,148.0,505.0
884,46.0,496.0,8.0,8.0,50.0,500.0
885,346.0,45.0,8.0,8.0,350.0,49.0
886,784.0,19.0,8.0,8.0,788.0,23.0
887,451.0,45.0,8.0,8.0,455.0,49.0
888,68.0,540.0,8.0,8.0,72.0,544.0
889,547.0,543.0,8.0,8.0,551.0,547.0
890,664.0,581.0,8.0,8.0,668.0,585.0
891,33.0,567.0,8.0,8.0,37.0,571.0
892,480.0,578.0,8.0,8.0,484.0,582.0
893,785.0,2.0,8.0,8.0,789.0,6.0
894,690.0,577.0,8.0,8.0,694.0,581.0
895,324.0,574.0,8.0,8.0,328.0,578.0
896,368.0,4.0,8.0,8.0,372.0,8.0
897,174.0,574.0,8.0,8.0,178.0,578.0
898,583.0,574.0,8.0,8.0,587.0,578.0
899,736.0,573.0,8.0,8.0,740.0,577.0
900,56.0,5.0,8.0,8.0,60.0,9.0
901,104.0,570.0,8.0,8.0,108.0,574.0
902,337.0,5.0,8.0,8.0,341.0,9.0
903,621.0,568.0,8.0,8.0,625.0,572.0
904,505.0,569.0,8.0,8.0,509.0,573.0
905,68.0,567.0,8.0,8.0,72.0,571.0
906,113.0,8.0,8.0,8.0,117.0,12.0
907,207.0,16.0,8.0,8.0,211.0,20.0
908,164.0,560.0,8.0,8.0,168.0,564.0
909,494.0,559.0,8.0,8.0,498.0,563.0
910,632.0,666.0,8.0,8.0,636.0,670.0
911,154.0,18.0,8.0,8.0,158.0,22.0
912,239.0,556.0,8.0,8.0,243.0,560.0
913,486.0,554.0,8.0,8.0,490.0,558.0
914,792.0,548.0,8.0,8.0,796.0,552.0
915,464.0,549.0,8.0,8.0,468.0,553.0
916,684.0,17.0,8.0,8.0,688.0,21.0
917,735.0,693.0,8.0,8.0,739.0,697.0
918,380.0,495.0,8.0,8.0,384.0,499.0
919,792.0,154.0,8.0,8.0,796.0,158.0
920,143.0,490.0,8.0,8.0,147.0,494.0
921,662.0,55.0,8.0,8.0,666.0,59.0
922,24.0,441.0,8.0,8.0,28.0,445.0
923,456.0,440.0,8.0,8.0,460.0,444.0
924,178.0,438.0,8.0,8.0,182.0,442.0
925,264.0,46.0,8.0,8.0,268.0,50.0
926,635.0,59.0,8.0,8.0,639.0,63.0
927,282.0,435.0,8.0,8.0,286.0,439.0
928,691.0,433.0,8.0,8.0,695.0,437.0
929,295.0,60.0,8.0,8.0,299.0,64.0
930,221.0,662.0,8.0,8.0,225.0,666.0
931,289.0,586.0,8.0,8.0,293.0,590.0
932,15.0,72.0,8.0,8.0,19.0,76.0
933,160.0,72.0,8.0,8.0,164.0,76.0
934,377.0,416.0,8.0,8.0,381.0,420.0
935,129.0,451.0,8.0,8.0,133.0,455.0
936,445.0,415.0,8.0,8.0,449.0,419.0
937,260.0,415.0,8.0,8.0,264.0,419.0
938,87.0,80.0,8.0,8.0,91.0,84.0
939,200.0,413.0,8.0,8.0,204.0,417.0
940,481.0,412.0,8.0,8.0,485.0,416.0
941,25.0,412.0,8.0,8.0,29.0,416.0
942,284.0,412.0,8.0,8.0,288.0,416.0
943,459.0,410.0,8.0,8.0,463.0,414.0
944,364.0,410.0,8.0,8.0,368.0,414.0
945,141.0,410.0,8.0,8.0,145.0,414.0
946,438.0,79.0,8.0,8.0,442.0,83.0
947,467.0,406.0,8.0,8.0,471.0,410.0
948,782.0,402.0,8.0,8.0,786.0,406.0
949,282.0,455.0,8.0,8.0,286.0,459.0
950,305.0,436.0,8.0,8.0,309.0,440.0
951,119.0,470.0,8.0,8.0,123.0,474.0
952,211.0,51.0,8.0,8.0,215.0,55.0
953,466.0,485.0,8.0,8.0,470.0,489.0
954,128.0,472.0,8.0,8.0,132.0,476.0
955,155.0,48.0,8.0,8.0,159.0,52.0
956,181.0,466.0,8.0,8.0,185.0,470.0
957,579.0,52.0,8.0,8.0,583.0,56.0
958,463.0,47.0,8.0,8.0,467.0,51.0
959,598.0,47.0,8.0,8.0,602.0,51.0
960,320.0,463.0,8.0,8.0,324.0,467.0
961,625.0,53.0,8.0,8.0,629.0,57.0
962,430.0,466.0,8.0,8.0,434.0,470.0
963,393.0,11.0,8.0,8.0,397.0,15.0
964,308.0,461.0,8.0,8.0,312.0,465.0
965,480.0,460.0,8.0,8.0,484.0,464.0
966,400.0,472.0,8.0,8.0,404.0,476.0
967,85.0,151.0,9.0,9.0,90.0,156.0
968,53.0,93.0,9.0,9.0,58.0,98.0
969,229.0,135.0,9.0,9.0,234.0,140.0
970,259.0,79.0,9.0,9.0,264.0,84.0
971,231.0,41.0,9.0,9.0,236.0,46.0
972,783.0,753.0,9.0,9.0,788.0,758.0
973,465.0,0.0,9.0,9.0,470.0,4.0
974,553.0,107.0,9.0,9.0,558.0,112.0
975,615.0,111.0,9.0,9.0,620.0,116.0
976,451.0,777.0,9.0,9.0,456.0,782.0
977,366.0,120.0,9.0,9.0,370.0,124.0
978,165.0,85.0,9.0,9.0,170.0,90.0
979,105.0,739.0,9.0,9.0,110.0,744.0
980,365.0,149.0,9.0,9.0,370.0,154.0
981,751.0,27.0,9.0,9.0,756.0,32.0
982,783.0,57.0,9.0,9.0,788.0,62.0
983,271.0,31.0,9.0,9.0,276.0,36.0
984,499.0,131.0,9.0,9.0,504.0,136.0
985,785.0,129.0,9.0,9.0,790.0,134.0
986,791.0,58.0,9.0,9.0,796.0,62.0
987,443.0,3.0,9.0,9.0,448.0,8.0
988,665.0,81.0,9.0,9.0,670.0,86.0
989,255.0,737.0,9.0,9.0,260.0,742.0
990,645.0,33.0,9.0,9.0,650.0,38.0
991,41.0,99.0,9.0,9.0,46.0,104.0
992,63.0,767.0,9.0,9.0,68.0,772.0
993,244.0,38.0,9.0,9.0,248.0,42.0
994,259.0,9.0,9.0,9.0,264.0,14.0
995,339.0,149.0,9.0,9.0,344.0,154.0
996,615.0,69.0,9.0,9.0,620.0,74.0
997,9.0,755.0,9.0,9.0,14.0,760.0
998,655.0,179.0,9.0,9.0,660.0,184.0
999,541.0,637.0,9.0,9.0,546.0,642.0
1000,581.0,637.0,9.0,9.0,586.0,642.0
1001,43.0,463.0,9.0,9.0,48.0,468.0
1002,527.0,463.0,9.0,9.0,532.0,468.0
1003,335.0,455.0,9.0,9.0,340.0,460.0
1004,769.0,441.0,9.0,9.0,774.0,446.0
1005,668.0,438.0,9.0,9.0,672.0,442.0
1006,331.0,647.0,9.0,9.0,336.0,652.0
1007,673.0,645.0,9.0,9.0,678.0,650.0
1008,157.0,649.0,9.0,9.0,162.0,654.0
1009,571.0,431.0,9.0,9.0,576.0,436.0
1010,381.0,429.0,9.0,9.0,386.0,434.0
1011,611.0,428.0,9.0,9.0,616.0,432.0
1012,81.0,155.0,9.0,9.0,86.0,160.0
1013,239.0,417.0,9.0,9.0,244.0,422.0
1014,216.0,417.0,9.0,9.0,220.0,422.0
1015,131.0,413.0,9.0,9.0,136.0,418.0
1016,227.0,413.0,9.0,9.0,232.0,418.0
1017,353.0,481.0,9.0,9.0,358.0,486.0
1018,417.0,397.0,9.0,9.0,422.0,402.0
1019,43.0,485.0,9.0,9.0,48.0,490.0
1020,609.0,493.0,9.0,9.0,614.0,498.0
1021,59.0,593.0,9.0,9.0,64.0,598.0
1022,483.0,593.0,9.0,9.0,488.0,598.0
1023,463.0,597.0,9.0,9.0,468.0,602.0
1024,361.0,565.0,9.0,9.0,366.0,570.0
1025,3.0,563.0,9.0,9.0,8.0,568.0
1026,723.0,559.0,9.0,9.0,728.0,564.0
1027,49.0,601.0,9.0,9.0,54.0,606.0
1028,505.0,605.0,9.0,9.0,510.0,610.0
1029,681.0,543.0,9.0,9.0,686.0,548.0
1030,597.0,539.0,9.0,9.0,602.0,544.0
1031,593.0,721.0,9.0,9.0,598.0,726.0
1032,411.0,523.0,9.0,9.0,416.0,528.0
1033,789.0,521.0,9.0,9.0,794.0,526.0
1034,643.0,513.0,9.0,9.0,648.0,518.0
1035,695.0,621.0,9.0,9.0,700.0,626.0
1036,353.0,509.0,9.0,9.0,358.0,514.0
1037,99.0,509.0,9.0,9.0,104.0,514.0
1038,53.0,495.0,9.0,9.0,58.0,500.0
1039,465.0,493.0,9.0,9.0,470.0,498.0
1040,727.0,387.0,9.0,9.0,732.0,392.0
1041,681.0,423.0,9.0,9.0,686.0,428.0
1042,649.0,665.0,9.0,9.0,654.0,670.0
1043,578.0,278.0,9.0,9.0,582.0,282.0
1044,27.0,703.0,9.0,9.0,32.0,708.0
1045,241.0,705.0,9.0,9.0,246.0,710.0
1046,791.0,385.0,9.0,9.0,796.0,390.0
1047,649.0,271.0,9.0,9.0,654.0,276.0
1048,659.0,705.0,9.0,9.0,664.0,710.0
1049,512.0,233.0,9.0,9.0,516.0,238.0
1050,637.0,262.0,9.0,9.0,642.0,266.0
1051,371.0,713.0,9.0,9.0,376.0,718.0
1052,-0.0,282.0,8.0,8.0,4.0,286.0
1053,243.0,255.0,9.0,9.0,248.0,260.0
1054,687.0,241.0,9.0,9.0,692.0,246.0
1055,127.0,233.0,9.0,9.0,132.0,238.0
1056,495.0,719.0,9.0,9.0,500.0,724.0
1057,555.0,227.0,9.0,9.0,560.0,232.0
1058,469.0,217.0,9.0,9.0,474.0,222.0
1059,97.0,209.0,9.0,9.0,102.0,214.0
1060,163.0,205.0,9.0,9.0,168.0,210.0
1061,697.0,141.0,9.0,9.0,702.0,146.0
1062,549.0,193.0,9.0,9.0,554.0,198.0
1063,595.0,711.0,9.0,9.0,600.0,716.0
1064,35.0,287.0,9.0,9.0,40.0,292.0
1065,129.0,384.0,9.0,9.0,134.0,388.0
1066,447.0,681.0,9.0,9.0,452.0,686.0
1067,545.0,675.0,9.0,9.0,550.0,680.0
1068,577.0,361.0,9.0,9.0,582.0,366.0
1069,543.0,697.0,9.0,9.0,548.0,702.0
1070,135.0,327.0,9.0,9.0,140.0,332.0
1071,621.0,673.0,9.0,9.0,626.0,678.0
1072,279.0,669.0,9.0,9.0,284.0,674.0
1073,239.0,301.0,9.0,9.0,244.0,306.0
1074,77.0,371.0,9.0,9.0,82.0,376.0
1075,475.0,329.0,9.0,9.0,480.0,334.0
1076,46.0,693.0,9.0,9.0,50.0,698.0
1077,589.0,299.0,9.0,9.0,594.0,304.0
1078,613.0,779.0,9.0,9.0,618.0,784.0
1079,605.0,295.0,9.0,9.0,610.0,300.0
1080,241.0,291.0,9.0,9.0,246.0,296.0
1081,663.0,291.0,9.0,9.0,668.0,296.0
1082,383.0,375.0,9.0,9.0,388.0,380.0
1083,431.0,335.0,9.0,9.0,436.0,340.0
1084,129.0,595.0,10.0,10.0,134.0,600.0
1085,58.0,349.0,10.0,10.0,63.0,354.0
1086,332.0,573.0,10.0,10.0,337.0,578.0
1087,765.0,779.0,10.0,10.0,770.0,784.0
1088,251.0,790.0,10.0,10.0,256.0,795.0
1089,577.0,352.0,10.0,10.0,582.0,357.0
1090,458.0,697.0,10.0,10.0,463.0,702.0
1091,574.0,734.0,10.0,10.0,579.0,739.0
1092,432.0,785.0,10.0,10.0,437.0,790.0
1093,543.0,769.0,10.0,10.0,548.0,774.0
1094,521.0,202.0,10.0,10.0,526.0,207.0
1095,576.0,83.0,10.0,10.0,581.0,88.0
1096,488.0,233.0,10.0,10.0,493.0,238.0
1097,8.0,459.0,10.0,10.0,13.0,464.0
1098,356.0,102.0,10.0,10.0,361.0,107.0
1099,756.0,427.0,10.0,10.0,761.0,432.0
1100,583.0,428.0,10.0,10.0,588.0,433.0
1101,347.0,782.0,10.0,10.0,352.0,787.0
1102,488.0,789.0,10.0,10.0,493.0,794.0
1103,289.0,606.0,10.0,10.0,294.0,611.0
1104,607.0,171.0,10.0,10.0,612.0,176.0
1105,448.0,407.0,10.0,10.0,453.0,412.0
1106,491.0,411.0,10.0,10.0,496.0,416.0
1107,741.0,415.0,10.0,10.0,746.0,420.0
1108,81.0,419.0,10.0,10.0,86.0,424.0
1109,3.0,420.0,10.0,10.0,8.0,425.0
1110,511.0,423.0,10.0,10.0,516.0,428.0
1111,29.0,435.0,10.0,10.0,34.0,440.0
1112,275.0,85.0,10.0,10.0,280.0,90.0
1113,169.0,401.0,10.0,10.0,174.0,406.0
1114,317.0,436.0,10.0,10.0,322.0,441.0
1115,554.0,84.0,10.0,10.0,559.0,89.0
1116,282.0,440.0,10.0,10.0,287.0,445.0
1117,330.0,440.0,10.0,10.0,335.0,445.0
1118,624.0,439.0,10.0,10.0,629.0,444.0
1119,635.0,81.0,10.0,10.0,640.0,86.0
1120,577.0,74.0,10.0,10.0,582.0,79.0
1121,771.0,446.0,10.0,10.0,776.0,451.0
1122,785.0,447.0,10.0,10.0,790.0,452.0
1123,372.0,73.0,10.0,10.0,377.0,78.0
1124,691.0,400.0,10.0,10.0,696.0,405.0
1125,773.0,397.0,10.0,10.0,778.0,402.0
1126,289.0,108.0,10.0,10.0,294.0,113.0
1127,771.0,366.0,10.0,10.0,776.0,371.0
1128,83.0,107.0,10.0,10.0,88.0,112.0
1129,207.0,366.0,10.0,10.0,212.0,371.0
1130,263.0,368.0,10.0,10.0,268.0,373.0
1131,761.0,369.0,10.0,10.0,766.0,374.0
1132,651.0,375.0,10.0,10.0,656.0,380.0
1133,469.0,105.0,10.0,10.0,474.0,110.0
1134,268.0,98.0,10.0,10.0,273.0,103.0
1135,77.0,385.0,10.0,10.0,82.0,390.0
1136,575.0,387.0,10.0,10.0,580.0,392.0
1137,515.0,389.0,10.0,10.0,520.0,394.0
1138,564.0,389.0,10.0,10.0,569.0,394.0
1139,153.0,391.0,10.0,10.0,158.0,396.0
1140,205.0,390.0,10.0,10.0,210.0,395.0
1141,701.0,393.0,10.0,10.0,706.0,398.0
1142,556.0,393.0,10.0,10.0,561.0,398.0
1143,669.0,397.0,10.0,10.0,674.0,402.0
1144,197.0,98.0,10.0,10.0,202.0,103.0
1145,249.0,73.0,10.0,10.0,254.0,78.0
1146,33.0,451.0,10.0,10.0,38.0,456.0
1147,593.0,453.0,10.0,10.0,598.0,458.0
1148,132.0,515.0,10.0,10.0,137.0,520.0
1149,123.0,37.0,10.0,10.0,128.0,42.0
1150,35.0,517.0,10.0,10.0,40.0,522.0
1151,284.0,36.0,10.0,10.0,289.0,41.0
1152,267.0,522.0,10.0,10.0,272.0,527.0
1153,381.0,521.0,10.0,10.0,386.0,526.0
1154,237.0,523.0,10.0,10.0,242.0,528.0
1155,470.0,523.0,10.0,10.0,475.0,528.0
1156,535.0,515.0,10.0,10.0,540.0,520.0
1157,485.0,524.0,10.0,10.0,490.0,529.0
1158,13.0,525.0,10.0,10.0,18.0,530.0
1159,215.0,35.0,10.0,10.0,220.0,40.0
1160,282.0,527.0,10.0,10.0,287.0,532.0
1161,744.0,31.0,10.0,10.0,749.0,36.0
1162,355.0,531.0,10.0,10.0,360.0,536.0
1163,91.0,31.0,10.0,10.0,96.0,36.0
1164,39.0,533.0,10.0,10.0,44.0,538.0
1165,609.0,29.0,10.0,10.0,614.0,34.0
1166,539.0,523.0,10.0,10.0,544.0,528.0
1167,575.0,38.0,10.0,10.0,580.0,43.0
1168,315.0,47.0,10.0,10.0,320.0,52.0
1169,304.0,52.0,10.0,10.0,309.0,57.0
1170,88.0,73.0,10.0,10.0,93.0,78.0
1171,497.0,459.0,10.0,10.0,502.0,464.0
1172,698.0,72.0,10.0,10.0,703.0,77.0
1173,230.0,465.0,10.0,10.0,235.0,470.0
1174,582.0,65.0,10.0,10.0,587.0,70.0
1175,433.0,477.0,10.0,10.0,438.0,482.0
1176,662.0,63.0,10.0,10.0,667.0,68.0
1177,35.0,479.0,10.0,10.0,40.0,484.0
1178,741.0,479.0,10.0,10.0,746.0,484.0
1179,65.0,482.0,10.0,10.0,70.0,487.0
1180,177.0,489.0,10.0,10.0,182.0,494.0
1181,415.0,492.0,10.0,10.0,420.0,497.0
1182,471.0,491.0,10.0,10.0,476.0,496.0
1183,339.0,492.0,10.0,10.0,344.0,497.0
1184,7.0,61.0,10.0,10.0,12.0,66.0
1185,419.0,499.0,10.0,10.0,424.0,504.0
1186,287.0,60.0,10.0,10.0,292.0,65.0
1187,71.0,58.0,10.0,10.0,76.0,63.0
1188,491.0,504.0,10.0,10.0,496.0,509.0
1189,7.0,108.0,10.0,10.0,12.0,113.0
1190,120.0,357.0,10.0,10.0,125.0,362.0
1191,409.0,109.0,10.0,10.0,414.0,114.0
1192,144.0,355.0,10.0,10.0,149.0,360.0
1193,78.0,253.0,10.0,10.0,83.0,258.0
1194,505.0,254.0,10.0,10.0,510.0,259.0
1195,301.0,162.0,10.0,10.0,306.0,167.0
1196,751.0,255.0,10.0,10.0,756.0,260.0
1197,259.0,259.0,10.0,10.0,264.0,264.0
1198,538.0,259.0,10.0,10.0,543.0,264.0
1199,180.0,261.0,10.0,10.0,185.0,266.0
1200,383.0,261.0,10.0,10.0,388.0,266.0
1201,433.0,169.0,10.0,10.0,438.0,174.0
1202,48.0,162.0,10.0,10.0,53.0,167.0
1203,507.0,149.0,10.0,10.0,512.0,154.0
1204,387.0,270.0,10.0,10.0,392.0,275.0
1205,19.0,271.0,10.0,10.0,24.0,276.0
1206,85.0,273.0,10.0,10.0,90.0,278.0
1207,643.0,274.0,10.0,10.0,648.0,279.0
1208,110.0,275.0,10.0,10.0,115.0,280.0
1209,359.0,275.0,10.0,10.0,364.0,280.0
1210,515.0,275.0,10.0,10.0,520.0,280.0
1211,161.0,262.0,10.0,10.0,166.0,267.0
1212,379.0,247.0,10.0,10.0,384.0,252.0
1213,207.0,777.0,10.0,10.0,212.0,782.0
1214,594.0,212.0,10.0,10.0,599.0,217.0
1215,63.0,197.0,10.0,10.0,68.0,202.0
1216,153.0,215.0,10.0,10.0,158.0,220.0
1217,40.0,227.0,10.0,10.0,45.0,232.0
1218,49.0,229.0,10.0,10.0,54.0,234.0
1219,506.0,229.0,10.0,10.0,511.0,234.0
1220,759.0,229.0,10.0,10.0,764.0,234.0
1221,0.0,193.0,10.0,10.0,5.0,198.0
1222,188.0,183.0,10.0,10.0,193.0,188.0
1223,711.0,233.0,10.0,10.0,716.0,238.0
1224,271.0,181.0,10.0,10.0,276.0,186.0
1225,10.0,177.0,10.0,10.0,15.0,182.0
1226,553.0,237.0,10.0,10.0,558.0,242.0
1227,765.0,238.0,10.0,10.0,770.0,243.0
1228,265.0,239.0,10.0,10.0,270.0,244.0
1229,718.0,174.0,10.0,10.0,723.0,179.0
1230,511.0,173.0,10.0,10.0,516.0,178.0
1231,211.0,242.0,10.0,10.0,216.0,247.0
1232,339.0,242.0,10.0,10.0,344.0,247.0
1233,319.0,277.0,10.0,10.0,324.0,282.0
1234,544.0,25.0,10.0,10.0,549.0,30.0
1235,605.0,280.0,10.0,10.0,610.0,285.0
1236,595.0,283.0,10.0,10.0,600.0,288.0
1237,367.0,129.0,10.0,10.0,372.0,134.0
1238,389.0,123.0,10.0,10.0,394.0,128.0
1239,150.0,123.0,10.0,10.0,155.0,128.0
1240,169.0,329.0,10.0,10.0,174.0,334.0
1241,259.0,331.0,10.0,10.0,264.0,336.0
1242,311.0,335.0,10.0,10.0,316.0,340.0
1243,743.0,335.0,10.0,10.0,748.0,340.0
1244,211.0,341.0,10.0,10.0,216.0,346.0
1245,103.0,323.0,10.0,10.0,108.0,328.0
1246,339.0,111.0,10.0,10.0,344.0,116.0
1247,789.0,346.0,10.0,10.0,794.0,351.0
1248,179.0,346.0,10.0,10.0,184.0,351.0
1249,345.0,347.0,10.0,10.0,350.0,352.0
1250,631.0,110.0,10.0,10.0,636.0,115.0
1251,240.0,352.0,10.0,10.0,245.0,357.0
1252,260.0,352.0,10.0,10.0,265.0,357.0
1253,335.0,354.0,10.0,10.0,340.0,359.0
1254,387.0,343.0,10.0,10.0,392.0,348.0
1255,634.0,131.0,10.0,10.0,639.0,136.0
1256,353.0,317.0,10.0,10.0,358.0,322.0
1257,727.0,131.0,10.0,10.0,732.0,136.0
1258,211.0,285.0,10.0,10.0,216.0,290.0
1259,709.0,287.0,10.0,10.0,714.0,292.0
1260,180.0,293.0,10.0,10.0,185.0,298.0
1261,321.0,293.0,10.0,10.0,326.0,298.0
1262,38.0,297.0,10.0,10.0,43.0,302.0
1263,63.0,297.0,10.0,10.0,68.0,302.0
1264,743.0,145.0,10.0,10.0,748.0,150.0
1265,155.0,299.0,10.0,10.0,160.0,304.0
1266,508.0,141.0,10.0,10.0,513.0,146.0
1267,385.0,306.0,10.0,10.0,390.0,311.0
1268,754.0,139.0,10.0,10.0,759.0,144.0
1269,646.0,309.0,10.0,10.0,651.0,314.0
1270,315.0,138.0,10.0,10.0,320.0,143.0
1271,113.0,310.0,10.0,10.0,118.0,315.0
1272,23.0,137.0,10.0,10.0,28.0,142.0
1273,8.0,311.0,10.0,10.0,13.0,316.0
1274,565.0,311.0,10.0,10.0,570.0,316.0
1275,131.0,313.0,10.0,10.0,136.0,318.0
1276,137.0,133.0,10.0,10.0,142.0,138.0
1277,219.0,283.0,10.0,10.0,224.0,288.0
1278,451.0,543.0,10.0,10.0,456.0,548.0
1279,375.0,51.0,10.0,10.0,380.0,56.0
1280,227.0,547.0,10.0,10.0,232.0,552.0
1281,735.0,706.0,10.0,10.0,740.0,711.0
1282,212.0,705.0,10.0,10.0,217.0,710.0
1283,508.0,703.0,10.0,10.0,513.0,708.0
1284,526.0,697.0,10.0,10.0,531.0,702.0
1285,556.0,697.0,10.0,10.0,561.0,702.0
1286,608.0,695.0,10.0,10.0,613.0,700.0
1287,428.0,694.0,10.0,10.0,433.0,699.0
1288,264.0,691.0,10.0,10.0,269.0,696.0
1289,388.0,689.0,10.0,10.0,393.0,694.0
1290,84.0,689.0,10.0,10.0,89.0,694.0
1291,657.0,678.0,10.0,10.0,662.0,683.0
1292,425.0,678.0,10.0,10.0,430.0,683.0
1293,153.0,677.0,10.0,10.0,158.0,682.0
1294,165.0,23.0,10.0,10.0,170.0,28.0
1295,637.0,673.0,10.0,10.0,642.0,678.0
1296,395.0,665.0,10.0,10.0,400.0,670.0
1297,347.0,662.0,10.0,10.0,352.0,667.0
1298,503.0,626.0,10.0,10.0,508.0,631.0
1299,556.0,625.0,10.0,10.0,561.0,630.0
1300,736.0,639.0,10.0,10.0,741.0,644.0
1301,748.0,645.0,10.0,10.0,753.0,650.0
1302,429.0,646.0,10.0,10.0,434.0,651.0
1303,493.0,649.0,10.0,10.0,498.0,654.0
1304,89.0,707.0,10.0,10.0,94.0,712.0
1305,353.0,650.0,10.0,10.0,358.0,655.0
1306,51.0,655.0,10.0,10.0,56.0,660.0
1307,429.0,657.0,10.0,10.0,434.0,662.0
1308,511.0,657.0,10.0,10.0,516.0,662.0
1309,687.0,657.0,10.0,10.0,692.0,662.0
1310,266.0,659.0,10.0,10.0,271.0,664.0
1311,213.0,663.0,10.0,10.0,218.0,668.0
1312,630.0,653.0,10.0,10.0,635.0,658.0
1313,100.0,709.0,10.0,10.0,105.0,714.0
1314,638.0,711.0,10.0,10.0,643.0,716.0
1315,55.0,713.0,10.0,10.0,60.0,718.0
1316,759.0,746.0,10.0,10.0,764.0,751.0
1317,359.0,749.0,10.0,10.0,364.0,754.0
1318,376.0,755.0,10.0,10.0,381.0,760.0
1319,639.0,758.0,10.0,10.0,644.0,763.0
1320,527.0,761.0,10.0,10.0,532.0,766.0
1321,606.0,765.0,10.0,10.0,611.0,770.0
1322,571.0,742.0,10.0,10.0,576.0,747.0
1323,745.0,765.0,10.0,10.0,750.0,770.0
1324,423.0,769.0,10.0,10.0,428.0,774.0
1325,493.0,771.0,10.0,10.0,498.0,776.0
1326,114.0,773.0,10.0,10.0,119.0,778.0
1327,124.0,773.0,10.0,10.0,129.0,778.0
1328,156.0,773.0,10.0,10.0,161.0,778.0
1329,785.0,774.0,10.0,10.0,790.0,779.0
1330,77.0,767.0,10.0,10.0,82.0,772.0
1331,279.0,624.0,10.0,10.0,284.0,629.0
1332,117.0,741.0,10.0,10.0,122.0,746.0
1333,739.0,737.0,10.0,10.0,744.0,742.0
1334,689.0,717.0,10.0,10.0,694.0,722.0
1335,781.0,717.0,10.0,10.0,786.0,722.0
1336,742.0,720.0,10.0,10.0,747.0,725.0
1337,601.0,721.0,10.0,10.0,606.0,726.0
1338,201.0,719.0,10.0,10.0,206.0,724.0
1339,725.0,722.0,10.0,10.0,730.0,727.0
1340,244.0,738.0,10.0,10.0,249.0,743.0
1341,529.0,723.0,10.0,10.0,534.0,728.0
1342,419.0,725.0,10.0,10.0,424.0,730.0
1343,261.0,730.0,10.0,10.0,266.0,735.0
1344,20.0,732.0,10.0,10.0,25.0,737.0
1345,284.0,731.0,10.0,10.0,289.0,736.0
1346,325.0,733.0,10.0,10.0,330.0,738.0
1347,559.0,733.0,10.0,10.0,564.0,738.0
1348,584.0,725.0,10.0,10.0,589.0,730.0
1349,787.0,622.0,10.0,10.0,792.0,627.0
1350,55.0,674.0,10.0,10.0,60.0,679.0
1351,657.0,623.0,10.0,10.0,662.0,628.0
1352,726.0,601.0,10.0,10.0,731.0,606.0
1353,693.0,598.0,10.0,10.0,698.0,603.0
1354,658.0,597.0,10.0,10.0,663.0,602.0
1355,602.0,595.0,10.0,10.0,607.0,600.0
1356,786.0,587.0,10.0,10.0,791.0,592.0
1357,473.0,585.0,10.0,10.0,478.0,590.0
1358,419.0,583.0,10.0,10.0,424.0,588.0
1359,358.0,580.0,10.0,10.0,363.0,585.0
1360,38.0,579.0,10.0,10.0,43.0,584.0
1361,267.0,568.0,10.0,10.0,272.0,573.0
1362,671.0,567.0,10.0,10.0,676.0,572.0
1363,715.0,566.0,10.0,10.0,720.0,571.0
1364,604.0,-1.0,10.0,10.0,609.0,4.0
1365,53.0,565.0,10.0,10.0,58.0,570.0
1366,229.0,561.0,10.0,10.0,234.0,566.0
1367,269.0,561.0,10.0,10.0,274.0,566.0
1368,485.0,2.0,10.0,10.0,490.0,7.0
1369,529.0,5.0,10.0,10.0,534.0,10.0
1370,18.0,13.0,10.0,10.0,23.0,18.0
1371,574.0,601.0,10.0,10.0,579.0,606.0
1372,655.0,605.0,10.0,10.0,660.0,610.0
1373,439.0,203.0,10.0,10.0,444.0,208.0
1374,746.0,611.0,10.0,10.0,751.0,616.0
1375,220.0,204.0,11.0,11.0,226.0,210.0
1376,550.0,282.0,11.0,11.0,556.0,288.0
1377,344.0,80.0,11.0,11.0,350.0,86.0
1378,538.0,570.0,11.0,11.0,544.0,576.0
1379,712.0,288.0,11.0,11.0,718.0,294.0
1380,788.0,106.0,11.0,11.0,794.0,112.0
1381,0.0,302.0,11.0,11.0,6.0,308.0
1382,567.0,510.0,11.0,11.0,572.0,516.0
1383,706.0,568.0,11.0,11.0,712.0,574.0
1384,334.0,52.0,11.0,11.0,340.0,58.0
1385,338.0,716.0,11.0,11.0,344.0,722.0
1386,12.0,54.0,11.0,11.0,18.0,60.0
1387,454.0,446.0,11.0,11.0,460.0,452.0
1388,396.0,504.0,11.0,11.0,402.0,510.0
1389,312.0,710.0,11.0,11.0,318.0,716.0
1390,550.0,56.0,11.0,11.0,556.0,62.0
1391,262.0,708.0,11.0,11.0,268.0,714.0
1392,228.0,502.0,11.0,11.0,234.0,508.0
1393,702.0,310.0,11.0,11.0,708.0,316.0
1394,492.0,734.0,11.0,11.0,498.0,740.0
1395,230.0,150.0,11.0,11.0,236.0,156.0
1396,584.0,748.0,11.0,11.0,590.0,754.0
1397,124.0,28.0,11.0,11.0,130.0,34.0
1398,202.0,20.0,11.0,11.0,208.0,26.0
1399,320.0,772.0,11.0,11.0,326.0,778.0
1400,348.0,18.0,11.0,11.0,354.0,24.0
1401,710.0,530.0,11.0,11.0,716.0,536.0
1402,262.0,782.0,11.0,11.0,268.0,788.0
1403,336.0,783.0,11.0,11.0,342.0,788.0
1404,348.0,234.0,11.0,11.0,354.0,240.0
1405,298.0,442.0,11.0,11.0,304.0,448.0
1406,176.0,32.0,11.0,11.0,182.0,38.0
1407,734.0,556.0,11.0,11.0,740.0,562.0
1408,368.0,168.0,11.0,11.0,374.0,174.0
1409,550.0,616.0,11.0,11.0,556.0,622.0
1410,150.0,248.0,11.0,11.0,156.0,254.0
1411,357.0,789.0,11.0,11.0,362.0,794.0
1412,364.0,438.0,11.0,11.0,370.0,444.0
1413,552.0,148.0,11.0,11.0,558.0,154.0
1414,136.0,266.0,11.0,11.0,142.0,272.0
1415,559.0,264.0,11.0,11.0,564.0,270.0
1416,674.0,112.0,11.0,11.0,680.0,118.0
1417,464.0,112.0,11.0,11.0,470.0,118.0
1418,468.0,318.0,11.0,11.0,474.0,324.0
1419,570.0,686.0,11.0,11.0,576.0,692.0
1420,782.0,664.0,11.0,11.0,788.0,670.0
1421,700.0,104.0,11.0,11.0,706.0,110.0
1422,256.0,612.0,11.0,11.0,262.0,618.0
1423,466.0,64.0,11.0,11.0,472.0,70.0
1424,542.0,480.0,11.0,11.0,548.0,486.0
1425,384.0,88.0,11.0,11.0,390.0,94.0
1426,600.0,64.0,11.0,11.0,606.0,70.0
1427,542.0,470.0,11.0,11.0,548.0,476.0
1428,508.0,96.0,11.0,11.0,514.0,102.0
1429,218.0,356.0,11.0,11.0,224.0,362.0
1430,782.0,652.0,11.0,11.0,788.0,658.0
1431,582.0,692.0,11.0,11.0,588.0,698.0
1432,180.0,62.0,11.0,11.0,186.0,68.0
1433,538.0,496.0,11.0,11.0,544.0,502.0
1434,790.0,398.0,11.0,11.0,796.0,404.0
1435,168.0,63.0,11.0,11.0,174.0,68.0
1436,388.0,402.0,11.0,11.0,394.0,408.0
1437,14.0,460.0,11.0,11.0,20.0,466.0
1438,96.0,611.0,12.0,12.0,102.0,617.0
1439,395.0,344.0,12.0,12.0,401.0,350.0
1440,760.0,757.0,12.0,12.0,766.0,763.0
1441,650.0,193.0,12.0,12.0,656.0,199.0
1442,644.0,107.0,12.0,12.0,650.0,113.0
1443,148.0,160.0,12.0,12.0,154.0,166.0
1444,88.0,468.0,12.0,12.0,94.0,474.0
1445,517.0,530.0,12.0,12.0,523.0,536.0
1446,675.0,504.0,12.0,12.0,681.0,510.0
1447,51.0,412.0,12.0,12.0,57.0,418.0
1448,726.0,37.0,12.0,12.0,732.0,43.0
1449,444.0,442.0,12.0,12.0,450.0,448.0
1450,770.0,424.0,12.0,12.0,776.0,430.0
1451,235.0,512.0,12.0,12.0,241.0,518.0
1452,535.0,115.0,12.0,12.0,541.0,121.0
1453,458.0,20.0,12.0,12.0,464.0,26.0
1454,156.0,77.0,12.0,12.0,162.0,83.0
1455,632.0,209.0,12.0,12.0,638.0,215.0
1456,272.0,716.0,12.0,12.0,278.0,722.0
1457,728.0,723.0,12.0,12.0,734.0,729.0
1458,304.0,86.0,12.0,12.0,310.0,92.0
1459,624.0,134.0,12.0,12.0,630.0,140.0
1460,636.0,241.0,12.0,12.0,642.0,247.0
1461,151.0,599.0,12.0,12.0,157.0,605.0
1462,166.0,249.0,12.0,12.0,172.0,255.0
1463,350.0,117.0,12.0,12.0,356.0,123.0
1464,32.0,625.0,12.0,12.0,38.0,631.0
1465,467.0,355.0,12.0,12.0,473.0,361.0
1466,581.0,312.0,12.0,12.0,587.0,318.0
1467,332.0,704.0,12.0,12.0,338.0,710.0
1468,104.0,135.0,12.0,12.0,110.0,141.0
1469,508.0,308.0,12.0,12.0,514.0,314.0
1470,502.0,17.0,12.0,12.0,508.0,23.0
1471,469.0,711.0,12.0,12.0,475.0,717.0
1472,456.0,562.0,12.0,12.0,462.0,568.0
1473,262.0,36.0,12.0,12.0,268.0,42.0
1474,118.0,568.0,12.0,12.0,124.0,574.0
1475,135.0,556.0,12.0,12.0,141.0,562.0
1476,705.0,91.0,12.0,12.0,711.0,97.0
1477,436.0,613.0,12.0,12.0,442.0,619.0
1478,314.0,642.0,12.0,12.0,320.0,648.0
1479,93.0,402.0,12.0,12.0,99.0,408.0
1480,62.0,337.0,12.0,12.0,68.0,343.0
1481,212.0,352.0,12.0,12.0,218.0,358.0
1482,40.0,372.0,12.0,12.0,46.0,378.0
1483,696.0,376.0,12.0,12.0,702.0,382.0
1484,771.0,640.0,12.0,12.0,777.0,646.0
1485,174.0,539.0,12.0,12.0,180.0,545.0
1486,762.0,528.0,12.0,12.0,768.0,534.0
1487,345.0,525.0,12.0,12.0,351.0,531.0
1488,464.0,382.0,12.0,12.0,470.0,388.0
1489,195.0,475.0,12.0,12.0,201.0,481.0
1490,432.0,516.0,12.0,12.0,438.0,522.0
1491,433.0,435.0,12.0,12.0,439.0,441.0
1492,524.0,180.0,12.0,12.0,530.0,186.0
1493,43.0,512.0,12.0,12.0,49.0,518.0
1494,473.0,509.0,12.0,12.0,479.0,515.0
1495,674.0,403.0,12.0,12.0,680.0,409.0
1496,153.0,475.0,12.0,12.0,159.0,481.0
1497,585.0,409.0,12.0,12.0,591.0,415.0
1498,28.0,778.0,12.0,12.0,34.0,784.0
1499,760.0,769.0,12.0,12.0,766.0,775.0
1500,630.0,228.0,12.0,12.0,636.0,234.0
1501,27.0,232.0,12.0,12.0,33.0,238.0
1502,190.0,769.0,12.0,12.0,196.0,775.0
1503,216.0,754.0,12.0,12.0,222.0,760.0
1504,395.0,744.0,12.0,12.0,401.0,750.0
1505,603.0,46.0,12.0,12.0,609.0,52.0
1506,538.0,759.0,12.0,12.0,544.0,765.0
1507,406.0,313.0,12.0,12.0,412.0,319.0
1508,222.0,658.0,12.0,12.0,228.0,664.0
1509,720.0,297.0,12.0,12.0,726.0,303.0
1510,284.0,695.0,12.0,12.0,290.0,701.0
1511,53.0,268.0,12.0,12.0,59.0,274.0
1512,355.0,495.0,13.0,13.0,362.0,502.0
1513,389.0,619.0,13.0,13.0,396.0,626.0
1514,553.0,783.0,13.0,13.0,560.0,790.0
1515,609.0,410.0,13.0,13.0,616.0,416.0
1516,392.0,518.0,13.0,13.0,398.0,524.0
1517,499.0,759.0,13.0,13.0,506.0,766.0
1518,221.0,526.0,13.0,13.0,228.0,532.0
1519,273.0,537.0,13.0,13.0,280.0,544.0
1520,618.0,21.0,13.0,13.0,624.0,28.0
1521,95.0,9.0,13.0,13.0,102.0,16.0
1522,321.0,553.0,13.0,13.0,328.0,560.0
1523,185.0,712.0,13.0,13.0,192.0,718.0
1524,341.0,3.0,13.0,13.0,348.0,10.0
1525,763.0,577.0,13.0,13.0,770.0,584.0
1526,467.0,255.0,13.0,13.0,474.0,262.0
1527,395.0,205.0,13.0,13.0,402.0,212.0
1528,161.0,295.0,13.0,13.0,168.0,302.0
1529,288.0,348.0,13.0,13.0,294.0,354.0
1530,334.0,473.0,13.0,13.0,340.0,480.0
1531,23.0,85.0,13.0,13.0,30.0,92.0
1532,708.0,334.0,13.0,13.0,714.0,340.0
1533,437.0,87.0,13.0,13.0,444.0,94.0
1534,223.0,365.0,13.0,13.0,230.0,372.0
1535,239.0,570.0,14.0,14.0,246.0,577.0
1536,77.0,531.0,14.0,14.0,84.0,538.0
1537,590.0,354.0,14.0,14.0,597.0,361.0
1538,258.0,591.0,14.0,14.0,265.0,598.0
1539,577.0,164.0,14.0,14.0,584.0,171.0
1540,353.0,239.0,14.0,14.0,360.0,246.0
1541,384.0,61.0,14.0,14.0,391.0,68.0
1542,192.0,567.0,14.0,14.0,199.0,574.0
1543,25.0,577.0,14.0,14.0,32.0,584.0
1544,665.0,325.0,14.0,14.0,672.0,332.0
1545,310.0,255.0,14.0,14.0,317.0,262.0
1546,652.0,631.0,14.0,14.0,659.0,638.0
1547,7.0,269.0,14.0,14.0,14.0,276.0
1548,50.0,119.0,14.0,14.0,57.0,126.0
1549,585.0,177.0,14.0,14.0,592.0,184.0
1550,166.0,317.0,14.0,14.0,173.0,324.0
1551,6.0,149.0,14.0,14.0,13.0,156.0
1552,611.0,448.0,14.0,14.0,618.0,455.0
1553,356.0,321.0,14.0,14.0,363.0,328.0
1554,58.0,625.0,14.0,14.0,65.0,632.0
1555,678.0,26.0,14.0,14.0,685.0,33.0
1556,133.0,1.0,14.0,14.0,140.0,8.0
1557,675.0,301.0,14.0,14.0,682.0,308.0
1558,299.0,383.0,14.0,14.0,306.0,390.0
1559,250.0,148.0,14.0,14.0,257.0,155.0
1560,183.0,693.0,14.0,14.0,190.0,700.0
1561,406.0,39.0,14.0,14.0,413.0,46.0
1562,525.0,504.0,14.0,14.0,532.0,511.0
1563,163.0,437.0,14.0,14.0,170.0,444.0
1564,312.0,10.0,14.0,14.0,319.0,17.0
1565,23.0,499.0,14.0,14.0,30.0,506.0
1566,369.0,595.0,14.0,14.0,376.0,602.0
1567,181.0,396.0,14.0,14.0,188.0,403.0
1568,233.0,49.0,14.0,14.0,240.0,56.0
1569,665.0,444.0,14.0,14.0,672.0,451.0
1570,217.0,767.0,14.0,14.0,224.0,774.0
1571,95.0,186.0,14.0,14.0,102.0,193.0
1572,28.0,765.0,14.0,14.0,35.0,772.0
1573,598.0,477.0,14.0,14.0,605.0,484.0
1574,354.0,468.0,14.0,14.0,361.0,475.0
1575,471.0,235.0,15.0,15.0,478.0,242.0
1576,448.0,260.0,15.0,15.0,456.0,268.0
1577,301.0,607.0,15.0,15.0,308.0,614.0
1578,550.0,643.0,15.0,15.0,558.0,650.0
1579,248.0,680.0,15.0,15.0,256.0,688.0
1580,420.0,246.0,15.0,15.0,428.0,254.0
1581,93.0,446.0,15.0,15.0,100.0,454.0
1582,644.0,86.0,15.0,15.0,652.0,94.0
1583,360.0,607.0,15.0,15.0,368.0,614.0
1584,74.0,674.0,15.0,15.0,82.0,682.0
1585,69.0,324.0,15.0,15.0,76.0,332.0
1586,367.0,98.0,15.0,15.0,374.0,106.0
1587,558.0,56.0,15.0,15.0,566.0,64.0
1588,307.0,574.0,15.0,15.0,314.0,582.0
1589,601.0,151.0,15.0,15.0,608.0,158.0
1590,46.0,452.0,15.0,15.0,54.0,460.0
1591,138.0,756.0,15.0,15.0,146.0,764.0
1592,460.0,625.0,15.0,15.0,468.0,632.0
1593,752.0,396.0,15.0,15.0,760.0,404.0
1594,602.0,16.0,15.0,15.0,610.0,24.0
1595,774.0,80.0,15.0,15.0,782.0,88.0
1596,38.0,564.0,15.0,15.0,46.0,572.0
1597,94.0,758.0,15.0,15.0,102.0,766.0
1598,625.0,772.0,15.0,15.0,632.0,780.0
1599,469.0,764.0,15.0,15.0,476.0,772.0
1600,712.0,760.0,15.0,15.0,720.0,768.0
1601,769.0,550.0,15.0,15.0,776.0,558.0
1602,738.0,428.0,16.0,16.0,746.0,436.0
1603,646.0,472.0,16.0,16.0,654.0,480.0
1604,509.0,402.0,16.0,16.0,517.0,410.0
1605,678.0,203.0,16.0,16.0,686.0,211.0
1606,464.0,126.0,16.0,16.0,472.0,134.0
1607,164.0,354.0,16.0,16.0,172.0,362.0
1608,420.0,539.0,16.0,16.0,428.0,547.0
1609,406.0,234.0,16.0,16.0,414.0,242.0
1610,130.0,225.0,16.0,16.0,138.0,233.0
1611,39.0,260.0,16.0,16.0,47.0,268.0
1612,534.0,308.0,16.0,16.0,542.0,316.0
1613,370.0,151.0,16.0,16.0,378.0,159.0
1614,237.0,226.0,16.0,16.0,245.0,234.0
1615,402.0,442.0,16.0,16.0,410.0,450.0
1616,763.0,509.0,16.0,16.0,771.0,517.0
1617,775.0,568.0,16.0,16.0,783.0,576.0
1618,525.0,624.0,16.0,16.0,533.0,632.0
1619,358.0,378.0,16.0,16.0,366.0,386.0
1620,210.0,107.0,16.0,16.0,218.0,115.0
1621,98.0,69.0,16.0,16.0,106.0,77.0
1622,382.0,359.0,16.0,16.0,390.0,367.0
1623,55.0,550.0,16.0,16.0,63.0,558.0
1624,556.0,17.0,16.0,16.0,564.0,25.0
1625,296.0,76.0,16.0,16.0,304.0,84.0
1626,246.0,424.0,16.0,16.0,254.0,432.0
1627,284.0,553.0,16.0,16.0,292.0,561.0
1628,517.0,351.0,16.0,16.0,525.0,359.0
1629,589.0,490.0,16.0,16.0,597.0,498.0
1630,548.0,460.0,16.0,16.0,556.0,468.0
1631,626.0,550.0,16.0,16.0,634.0,558.0
1632,718.0,576.0,16.0,16.0,726.0,584.0
1633,287.0,534.0,16.0,16.0,295.0,542.0
1634,84.0,432.0,16.0,16.0,92.0,440.0
1635,591.0,642.0,16.0,16.0,599.0,650.0
1636,764.0,310.0,16.0,16.0,772.0,318.0
1637,776.0,632.0,16.0,16.0,784.0,640.0
1638,648.0,114.0,16.0,16.0,656.0,122.0
1639,430.0,298.0,16.0,16.0,438.0,306.0
1640,728.0,336.0,16.0,16.0,736.0,344.0
1641,252.0,392.0,16.0,16.0,260.0,400.0
1642,439.0,497.0,17.0,17.0,448.0,506.0
1643,135.0,453.0,17.0,17.0,144.0,462.0
1644,67.0,206.0,17.0,17.0,76.0,214.0
1645,288.0,507.0,17.0,17.0,296.0,516.0
1646,443.0,695.0,17.0,17.0,452.0,704.0
1647,62.0,777.0,17.0,17.0,70.0,786.0
1648,757.0,1.0,17.0,17.0,766.0,10.0
1649,494.0,241.0,17.0,17.0,502.0,250.0
1650,518.0,548.0,17.0,17.0,526.0,556.0
1651,292.0,722.0,18.0,18.0,301.0,731.0
1652,277.0,675.0,18.0,18.0,286.0,684.0
1653,261.0,625.0,18.0,18.0,270.0,634.0
1654,416.0,382.0,18.0,18.0,425.0,391.0
1655,286.0,173.0,18.0,18.0,295.0,182.0
1656,703.0,142.0,18.0,18.0,712.0,151.0
1657,416.0,91.0,18.0,18.0,425.0,100.0
1658,249.0,81.0,18.0,18.0,258.0,90.0
1659,190.0,322.0,18.0,18.0,199.0,331.0
1660,23.0,190.0,18.0,18.0,32.0,199.0
1661,769.0,63.0,18.0,18.0,778.0,72.0
1662,155.0,757.0,18.0,18.0,164.0,766.0
1663,336.0,399.0,18.0,18.0,345.0,408.0
1664,174.0,498.0,18.0,18.0,183.0,507.0
1665,766.0,483.0,18.0,18.0,775.0,492.0
1666,133.0,781.0,18.0,18.0,142.0,790.0
1667,753.0,591.0,18.0,18.0,762.0,600.0
1668,330.0,701.0,18.0,18.0,339.0,710.0
1669,306.0,350.0,19.0,19.0,316.0,360.0
1670,555.0,125.0,19.0,19.0,564.0,134.0
1671,506.0,498.0,19.0,19.0,516.0,508.0
1672,745.0,374.0,19.0,19.0,754.0,384.0
1673,194.0,717.0,19.0,19.0,204.0,726.0
1674,122.0,335.0,19.0,19.0,132.0,344.0
1675,316.0,549.0,19.0,19.0,326.0,558.0
1676,440.0,562.0,19.0,19.0,450.0,572.0
1677,269.0,336.0,20.0,20.0,279.0,346.0
1678,240.0,403.0,20.0,20.0,250.0,413.0
1679,117.0,527.0,20.0,20.0,127.0,537.0
1680,165.0,382.0,20.0,20.0,175.0,392.0
1681,589.0,424.0,20.0,20.0,599.0,434.0
1682,487.0,476.0,20.0,20.0,497.0,486.0
1683,767.0,457.0,20.0,20.0,777.0,467.0
1684,252.0,99.0,20.0,20.0,262.0,109.0
1685,447.0,742.0,20.0,20.0,457.0,752.0
1686,651.0,459.0,20.0,20.0,661.0,469.0
1687,100.0,207.0,20.0,20.0,110.0,217.0
1688,147.0,286.0,20.0,20.0,157.0,296.0
1689,361.0,647.0,20.0,20.0,371.0,657.0
1690,192.0,280.0,20.0,20.0,202.0,290.0
1691,516.0,318.0,20.0,20.0,526.0,328.0
1692,162.0,134.0,21.0,21.0,172.0,144.0
1693,352.0,125.0,21.0,21.0,362.0,136.0
1694,385.0,33.0,21.0,21.0,396.0,44.0
1695,472.0,681.0,21.0,21.0,482.0,692.0
1696,739.0,141.0,21.0,21.0,750.0,152.0
1697,709.0,446.0,22.0,22.0,720.0,457.0
1698,396.0,636.0,22.0,22.0,407.0,647.0
1699,733.0,63.0,22.0,22.0,744.0,74.0
1700,722.0,177.0,22.0,22.0,733.0,188.0
1701,635.0,25.0,22.0,22.0,646.0,36.0
1702,386.0,463.0,22.0,22.0,397.0,474.0
1703,416.0,202.0,22.0,22.0,427.0,213.0
1704,650.0,538.0,23.0,23.0,662.0,550.0
1705,90.0,715.0,23.0,23.0,102.0,726.0
1706,488.0,298.0,23.0,23.0,500.0,310.0
1707,325.0,100.0,23.0,23.0,336.0,112.0
1708,73.0,223.0,24.0,24.0,85.0,235.0
1709,179.0,435.0,24.0,24.0,191.0,447.0
1710,96.0,406.0,24.0,24.0,108.0,418.0
1711,523.0,281.0,24.0,24.0,535.0,293.0
1712,515.0,51.0,24.0,24.0,527.0,63.0
1713,759.0,688.0,24.0,24.0,771.0,700.0
1714,238.0,762.0,24.0,24.0,250.0,774.0
1715,312.0,476.0,24.0,24.0,324.0,488.0
1716,749.0,40.0,24.0,24.0,761.0,52.0
1717,213.0,733.0,24.0,24.0,225.0,745.0
1718,534.0,740.0,24.0,24.0,546.0,752.0
1719,341.0,683.0,25.0,25.0,354.0,696.0
1720,37.0,671.0,25.0,25.0,50.0,684.0
1721,677.0,142.0,25.0,25.0,690.0,154.0
1722,126.0,407.0,26.0,26.0,139.0,420.0
1723,726.0,773.0,26.0,26.0,739.0,786.0
1724,269.0,638.0,27.0,27.0,282.0,652.0
1725,152.0,2.0,27.0,27.0,166.0,16.0
1726,505.0,570.0,28.0,28.0,519.0,584.0
1727,136.0,186.0,28.0,28.0,150.0,200.0
1728,498.0,536.0,28.0,28.0,512.0,550.0
1729,559.0,570.0,28.0,28.0,573.0,584.0
1730,208.0,378.0,28.0,28.0,222.0,392.0
1731,359.0,146.0,28.0,28.0,373.0,160.0
1732,424.0,49.0,28.0,28.0,438.0,63.0
1733,446.0,636.0,28.0,28.0,460.0,650.0
1734,1.0,714.0,28.0,28.0,15.0,728.0
1735,751.0,608.0,29.0,29.0,766.0,622.0
1736,399.0,576.0,29.0,29.0,414.0,590.0
1737,21.0,39.0,29.0,29.0,36.0,54.0
1738,391.0,133.0,30.0,30.0,406.0,148.0
1739,521.0,587.0,30.0,30.0,536.0,602.0
1740,727.0,264.0,32.0,32.0,743.0,280.0
1741,209.0,112.0,32.0,32.0,225.0,128.0
1742,682.0,75.0,32.0,32.0,698.0,91.0
1743,214.0,75.0,32.0,32.0,230.0,91.0
1744,221.0,599.0,33.0,33.0,238.0,616.0
1745,362.0,496.0,33.0,33.0,378.0,512.0
1746,83.0,362.0,34.0,34.0,100.0,379.0
1747,736.0,735.0,35.0,35.0,754.0,752.0
1748,709.0,518.0,35.0,35.0,726.0,536.0
1749,349.0,464.0,35.0,35.0,366.0,482.0
1750,88.0,164.0,38.0,38.0,107.0,183.0
1751,203.0,425.0,38.0,38.0,222.0,444.0
1752,459.0,342.0,38.0,38.0,478.0,361.0
1753,82.0,92.0,40.0,40.0,102.0,112.0
1754,97.0,283.0,41.0,41.0,118.0,304.0
1755,647.0,-1.0,42.0,42.0,668.0,20.0
1756,409.0,330.0,42.0,42.0,430.0,351.0
1757,84.0,12.0,46.0,46.0,107.0,35.0
1758,373.0,689.0,46.0,46.0,396.0,712.0
1759,370.0,519.0,50.0,50.0,395.0,544.0
1760,25.0,72.0,65.0,65.0,58.0,104.0
1761,294.0,164.0,70.0,70.0,329.0,199.0
1762,240.0,423.0,73.0,73.0,276.0,460.0
1763,511.0,173.0,78.0,78.0,550.0,212.0
1764,384.0,80.0,80.0,80.0,424.0,120.0
1765,75.0,540.0,187.0,187.0,168.0,634.0
1766,559.0,208.0,201.0,201.0,660.0,308.0
